# t (s)	mx ()	my ()	mz ()	T (K)	J (A/m^2)	Ms (A/m)
0	0	0	1	300	0	1e+06
5e-13	-0.19633758	0.0130026955	0.9804481	300.34677	-2.1111338e+12	999542.7
1e-12	-0.19339167	0.031393908	0.9806173	301.72855	-3.0843415e+12	997716.6
1.5499999999999999e-12	-0.18986219	0.059320934	0.98001516	304.09714	-4.1810096e+12	994572.9
2.05e-12	-0.18643329	0.09291308	0.9780625	308.19217	-5.4535085e+12	989097.25
2.55e-12	-0.18282577	0.13512504	0.97381353	314.74982	-6.8445825e+12	980222.1
3.0499999999999997e-12	-0.17900002	0.18619741	0.9660677	324.4759	-8.2659734e+12	966819.06
3.5499999999999996e-12	-0.17477915	0.24563953	0.95347327	337.8356	-9.605437e+12	947945.8
4.05e-12	-0.16982	0.3120822	0.93475336	354.8297	-1.0740301e+13	923173.44
4.55e-12	-0.16368389	0.3832354	0.90903056	374.84717	-1.1555582e+13	892911.2
5.05e-12	-0.15603124	0.4560214	0.87618333	396.67838	-1.1963089e+13	858593.06
5.5499999999999996e-12	-0.14687091	0.52694386	0.8371127	418.71902	-1.191711e+13	822578
6.0499999999999995e-12	-0.13670689	0.59267	0.793758	439.31192	-1.1422856e+13	787706.3
6.549999999999999e-12	-0.12645443	0.65065974	0.748765	457.1082	-1.0535485e+13	756632.56
7.049999999999999e-12	-0.11715478	0.6995804	0.70488256	471.3201	-9.349975e+12	731200.3
7.500000000000003e-12	-0.11028436	0.7357739	0.6681848	481.7894	-7.984404e+12	712118.1
8.000000000000011e-12	-0.10485472	0.76796764	0.6318444	488.8784	-6.560707e+12	699030.94
8.500000000000019e-12	-0.10183151	0.79302037	0.60062	493.25732	-5.187223e+12	690880.2
9.000000000000027e-12	-0.10107698	0.8123795	0.57429737	495.68124	-3.9463478e+12	686346.5
9.500000000000035e-12	-0.10228883	0.8273956	0.5522199	496.82605	-2.8888956e+12	684199.9
1.0000000000000043e-11	-0.10509998	0.8392093	0.5335484	497.208	-2.0349064e+12	683482.9
1.0500000000000051e-11	-0.10914462	0.8487236	0.5174423	497.17395	-1.3792189e+12	683546.8
1.1000000000000059e-11	-0.114095144	0.8566211	0.5031621	496.93198	-8.9949346e+11	684001.06
1.1500000000000067e-11	-0.11967906	0.8633976	0.4901116	496.59485	-5.644675e+11	684633.6
1.2000000000000075e-11	-0.12568265	0.86940026	0.47784233	496.21793	-3.4084428e+11	685340.6
1.2500000000000083e-11	-0.1319469	0.8748624	0.46603677	495.82596	-1.980383e+11	686075.4
1.3000000000000091e-11	-0.13835897	0.8799348	0.4544821	495.4291	-1.1071806e+11	686818.8
1.3500000000000099e-11	-0.14484219	0.8847111	0.4430434	495.0312	-5.956126e+10	687563.9
1.4000000000000107e-11	-0.1513464	0.8892469	0.43163946	494.6335	-3.0830842e+10	688308.06
1.4500000000000115e-11	-0.15783973	0.89357406	0.42022407	494.2365	-1.5356172e+10	689050.56
1.500000000000011e-11	-0.16430135	0.89771056	0.4087724	493.8007	-6.823297e+09	689865.2
1.55000000000001e-11	-0.1707175	0.90166634	0.3972721	493.3264	-2.6705477e+09	690751.2
1.6000000000000093e-11	-0.17708214	0.9054461	0.38571867	493.08966	-1.636336e+09	691193.2
1.6500000000000085e-11	-0.18338898	0.90905297	0.3741103	492.6171	-5.893251e+08	692075.06
1.7000000000000077e-11	-0.18963122	0.9124896	0.36244696	492.14566	-2.0079598e+08	692954.2
1.750000000000007e-11	-0.19580658	0.91575706	0.3507299	491.9104	-1.1479531e+08	693392.7
1.800000000000006e-11	-0.20191097	0.91885686	0.33896086	491.4407	-3.5991556e+07	694267.7
1.8500000000000052e-11	-0.20793892	0.9217908	0.32714075	490.97217	-1.067566e+07	695140
1.9000000000000044e-11	-0.21388848	0.92456	0.3152717	490.73834	-5.694569e+06	695575.1
1.9500000000000036e-11	-0.21975587	0.9271657	0.3033553	490.2715	-1.5542874e+06	696443.4
2.0000000000000028e-11	-0.22553603	0.9296099	0.2913929	489.80585	-401346.44	697308.9
2.050000000000002e-11	-0.23122689	0.9318938	0.27938628	489.57343	-199748.05	697740.6
2.100000000000001e-11	-0.23682496	0.93401873	0.26733714	489.10947	-47462.105	698602.1
2.1500000000000003e-11	-0.24232523	0.93598706	0.25524667	488.64664	-10669.132	699460.94
2.2049999999999994e-11	-0.24825966	0.9379725	0.24190144	488.41565	-4954.379	699889.3
2.2549999999999986e-11	-0.2535469	0.93961555	0.22972983	487.95453	-1024.8203	700744.1
2.3049999999999978e-11	-0.25872597	0.9411071	0.21752156	487.4945	-200.55052	701596.25
2.354999999999997e-11	-0.26379368	0.9424484	0.20527805	487.26492	-86.89223	702021.4
2.404999999999996e-11	-0.26874894	0.9436405	0.19300137	486.8066	-15.647083	702869.56
2.4549999999999953e-11	-0.2735865	0.94468594	0.18069239	486.34943	-2.665652	703715.1
2.5049999999999945e-11	-0.27830327	0.9455865	0.1683525	486.12125	-1.0776001	704136.9
2.5549999999999937e-11	-0.28289795	0.94634295	0.15598358	485.66574	-0.16892895	704978.5
2.604999999999993e-11	-0.2873657	0.9469578	0.14358652	485.21133	-0.025053486	705817.5
2.654999999999992e-11	-0.29170373	0.94743276	0.13116272	484.98453	-0.009449728	706236.06
2.7049999999999912e-11	-0.29591048	0.9477688	0.118713856	484.5318	-0.0012896141	707071.2
2.7549999999999904e-11	-0.29998174	0.9479683	0.10624093	484.08017	-0.0001665014	707903.7
2.8049999999999896e-11	-0.30391482	0.9480327	0.093745284	483.85477	-5.8595735e-05	708319
2.8549999999999888e-11	-0.30770802	0.94796354	0.08122848	483.40482	-6.9614625e-06	709147.6
2.904999999999988e-11	-0.31135765	0.94776237	0.06869155	482.95593	-7.824427e-07	709973.75
2.95499999999999e-11	-0.31486183	0.9474308	0.056135956	482.58267	-1.2134346e-07	710660.25
3.0049999999999925e-11	-0.3182176	0.9469704	0.0435629	482.21017	-1.8107407e-08	711345
3.054999999999995e-11	-0.32142255	0.94638276	0.030973652	481.83844	-2.5999936e-09	712028
3.104999999999997e-11	-0.32447433	0.94566894	0.018369498	481.46747	-3.592232e-10	712709.25
3.155e-11	-0.32737064	0.94483083	0.0057517104	481.09726	-4.7756514e-11	713388.75
3.200000000000002e-11	-0.32984254	0.94397116	-0.0056149	480.72778	-6.1090963e-12	714066.44
3.250000000000004e-11	-0.3324374	0.94290006	-0.018255072	480.35907	-7.519647e-13	714742.44
3.300000000000007e-11	-0.33487055	0.9417082	-0.030905167	479.99112	-8.906232e-14	715416.7
3.350000000000009e-11	-0.33714	0.94039667	-0.043563895	479.62393	-1.0150015e-14	716089.2
3.4000000000000115e-11	-0.33924383	0.93896663	-0.056229975	479.25745	-1.113052e-15	716759.94
3.450000000000014e-11	-0.34118026	0.93741906	-0.06890208	478.89175	-1.1744658e-16	717428.94
3.5000000000000163e-11	-0.34294757	0.935755	-0.08157893	478.5268	-1.1924533e-17	718096.3
3.550000000000019e-11	-0.34454405	0.93397534	-0.09425917	478.16257	-1.1649801e-18	718761.9
3.600000000000021e-11	-0.3459683	0.9320808	-0.10694148	477.7991	-1.0951454e-19	719425.8
3.6500000000000236e-11	-0.34721875	0.9300721	-0.119624466	477.43634	-9.906064e-21	720088
3.700000000000026e-11	-0.34829402	0.92794985	-0.13230678	477.07437	-8.621972e-22	720748.44
3.7500000000000284e-11	-0.3491929	0.9257149	-0.144987	476.7131	-7.220847e-23	721407.25
3.800000000000031e-11	-0.34991425	0.92336744	-0.15766375	476.35257	-5.818966e-24	722064.3
3.850000000000033e-11	-0.35045695	0.9209077	-0.17033555	475.9928	-4.5121093e-25	722719.75
3.9000000000000356e-11	-0.35082006	0.91833615	-0.18300094	475.63376	-3.3665844e-26	723373.44
3.950000000000038e-11	-0.3510029	0.91565305	-0.19565839	475.27542	-2.4169937e-27	724025.5
4.0000000000000405e-11	-0.35100454	0.9128584	-0.20830639	474.91785	-1.669697e-28	724675.9
4.050000000000043e-11	-0.35082453	0.90995204	-0.22094336	474.56097	-1.10987965e-29	725324.56
4.100000000000045e-11	-0.35046223	0.90693396	-0.23356773	474.20486	-7.0988866e-31	725971.6
4.150000000000048e-11	-0.34991738	0.90380406	-0.24617785	473.84946	-4.3689866e-32	726617
4.20000000000005e-11	-0.34918982	0.9005617	-0.25877205	473.49478	-2.587303e-33	727260.75
4.2500000000000525e-11	-0.3482792	0.8972067	-0.27134857	473.1408	-1.474314e-34	727902.8
4.300000000000055e-11	-0.34718585	0.89373857	-0.2839057	472.7876	-8.083673e-36	728543.25
4.3500000000000574e-11	-0.3459097	0.8901564	-0.29644164	472.4351	-4.264849e-37	729182.06
4.40000000000006e-11	-0.34445122	0.8864596	-0.30895445	472.08328	-2.1650838e-38	729819.2
4.450000000000062e-11	-0.34281075	0.88264734	-0.32144234	471.7322	-1.0576e-39	730454.7
4.5000000000000646e-11	-0.3409889	0.87871873	-0.3339033	471.38187	-4.971e-41	731088.6
4.550000000000067e-11	-0.33898646	0.8746726	-0.34633538	471.0322	-2.248e-42	731720.9
4.6000000000000694e-11	-0.33680436	0.87050766	-0.35873646	470.6833	-9.8e-44	732351.56
4.650000000000072e-11	-0.33444366	0.866223	-0.37110448	470.33505	-4e-45	732980.6
4.700000000000074e-11	-0.33190557	0.8618168	-0.38343728	469.98755	-0	733608.06
4.7500000000000767e-11	-0.3291916	0.85728806	-0.39573255	469.64075	-0	734233.9
4.800000000000079e-11	-0.3263032	0.852635	-0.4079882	469.29468	-0	734858.1
4.8500000000000815e-11	-0.32324234	0.8478561	-0.4202017	468.94928	-0	735480.75
4.900000000000084e-11	-0.3200108	0.8429496	-0.43237066	468.60458	-0	736101.8
4.950000000000086e-11	-0.3166108	0.83791375	-0.44449285	468.26062	-0	736721.25
5.000000000000089e-11	-0.31304473	0.83274657	-0.4565655	467.91736	-0	737339.1
5.050000000000091e-11	-0.3093151	0.8274462	-0.46858618	467.57477	-0	737955.44
5.1000000000000935e-11	-0.3054246	0.82201064	-0.48055214	467.23288	-0	738570.2
5.150000000000096e-11	-0.30137625	0.81643784	-0.4924608	466.89172	-0	739183.4
5.2000000000000984e-11	-0.29717317	0.8107257	-0.50430924	466.55124	-0	739794.94
5.250000000000101e-11	-0.29281878	0.80487204	-0.51609486	466.21146	-0	740405
5.300000000000103e-11	-0.2883167	0.7988746	-0.52781457	465.87234	-0	741013.5
5.3500000000001056e-11	-0.28367066	0.79273117	-0.5394655	465.53394	-0	741620.44
5.400000000000108e-11	-0.27888477	0.7864397	-0.5510447	465.19623	-0	742225.8
5.4500000000001104e-11	-0.2739633	0.7799977	-0.562549	464.85922	-0	742829.7
5.500000000000113e-11	-0.26891074	0.773403	-0.5739753	464.52286	-0	743432
5.550000000000115e-11	-0.2637318	0.76665336	-0.58532053	464.18723	-0	744032.75
5.6000000000001177e-11	-0.2584315	0.75974655	-0.5965814	463.85226	-0	744632
5.65000000000012e-11	-0.253015	0.75268006	-0.60775477	463.51797	-0	745229.75
5.7000000000001225e-11	-0.24748777	0.7454523	-0.6188372	463.1844	-0	745825.94
5.750000000000125e-11	-0.24185547	0.73806053	-0.6298252	462.85144	-0	746420.6
5.800000000000127e-11	-0.23612404	0.73050296	-0.6407156	462.51923	-0	747013.8
5.85000000000013e-11	-0.23029958	0.7227777	-0.6515048	462.18765	-0	747605.5
5.900000000000132e-11	-0.22438845	0.7148827	-0.66218954	461.85678	-0	748195.6
5.950000000000135e-11	-0.2183973	0.7068161	-0.6727661	461.52655	-0	748784.3
6.000000000000137e-11	-0.21233301	0.69857615	-0.68323094	461.19702	-0	749371.5
6.05000000000014e-11	-0.20620255	0.69016147	-0.6935807	460.86816	-0	749957.2
6.100000000000142e-11	-0.20001328	0.6815705	-0.7038117	460.53995	-0	750541.4
6.150000000000144e-11	-0.19377261	0.67280185	-0.7139202	460.21243	-0	751124.06
6.200000000000147e-11	-0.18748829	0.66385436	-0.7239029	459.8856	-0	751705.3
6.250000000000149e-11	-0.18116824	0.65472734	-0.73375595	459.5594	-0	752285.06
6.300000000000151e-11	-0.17482051	0.64541966	-0.74347585	459.23386	-0	752863.4
6.350000000000154e-11	-0.16845344	0.63593096	-0.7530591	458.909	-0	753440.2
6.400000000000156e-11	-0.16207545	0.62626064	-0.76250196	458.5848	-0	754015.56
6.450000000000159e-11	-0.15569517	0.6164088	-0.77180094	458.26126	-0	754589.5
6.500000000000161e-11	-0.14932139	0.6063755	-0.7809526	457.9384	-0	755161.94
6.550000000000163e-11	-0.14296305	0.59616095	-0.7899533	457.61618	-0	755732.94
6.600000000000166e-11	-0.13662916	0.5857659	-0.7987995	457.29462	-0	756302.5
6.650000000000168e-11	-0.13032895	0.575191	-0.807488	456.97372	-0	756870.6
6.700000000000171e-11	-0.12407164	0.5644376	-0.8160155	456.65347	-0	757437.3
6.750000000000173e-11	-0.1178666	0.55350703	-0.82437825	456.33386	-0	758002.56
6.800000000000176e-11	-0.111723274	0.54240113	-0.8325734	456.01492	-0	758566.4
6.850000000000178e-11	-0.10565111	0.5311219	-0.8405978	455.69662	-0	759128.75
6.90000000000018e-11	-0.09965967	0.51967174	-0.848448	455.379	-0	759689.7
6.950000000000183e-11	-0.093758464	0.5080533	-0.8561213	455.062	-0	760249.25
7.000000000000185e-11	-0.08795706	0.49626958	-0.8636146	454.74567	-0	760807.44
7.050000000000188e-11	-0.08226496	0.48432398	-0.8709253	454.42996	-0	761364.1
7.10000000000019e-11	-0.07669164	0.47222018	-0.87805045	454.1149	-0	761919.44
7.150000000000192e-11	-0.07124656	0.45996222	-0.8849875	453.80048	-0	762473.4
7.200000000000195e-11	-0.06593902	0.44755444	-0.8917338	453.4867	-0	763025.94
7.250000000000197e-11	-0.060778286	0.43500164	-0.8982874	453.17355	-0	763577.06
7.3000000000002e-11	-0.055773485	0.4223088	-0.90464556	452.86105	-0	764126.75
7.350000000000202e-11	-0.050933607	0.4094813	-0.91080654	452.5492	-0	764675.1
7.400000000000205e-11	-0.046267472	0.39652485	-0.91676813	452.23798	-0	765222.1
7.450000000000207e-11	-0.04178373	0.3834456	-0.92252856	451.9274	-0	765767.7
7.500000000000209e-11	-0.03749081	0.37024993	-0.9280861	451.61743	-0	766311.94
7.550000000000212e-11	-0.033396937	0.35694444	-0.9334392	451.30814	-0	766854.75
7.600000000000214e-11	-0.02951008	0.34353632	-0.9385867	450.99942	-0	767396.25
7.650000000000217e-11	-0.025837952	0.33003274	-0.9435271	450.69138	-0	767936.4
7.700000000000219e-11	-0.022387978	0.31644136	-0.94825935	450.38394	-0	768475.1
7.750000000000221e-11	-0.01916729	0.3027701	-0.9527828	450.07715	-0	769012.5
7.800000000000224e-11	-0.016182698	0.2890271	-0.9570966	449.77097	-0	769548.56
7.850000000000226e-11	-0.013440678	0.27522078	-0.9611998	449.4654	-0	770083.3
7.900000000000229e-11	-0.010947355	0.26135975	-0.9650927	449.16046	-0	770616.6
7.950000000000231e-11	-0.008708486	0.24745299	-0.9687747	448.85617	-0	771148.7
8.000000000000233e-11	-0.00672945	0.23350953	-0.97224575	448.5525	-0	771679.3
8.050000000000236e-11	-0.005015225	0.21953863	-0.9755062	448.24942	-0	772208.7
8.100000000000238e-11	-0.0035703916	0.20554979	-0.97855616	447.94696	-0	772736.7
8.150000000000241e-11	-0.0023991084	0.19155256	-0.9813964	447.64514	-0	773263.4
8.200000000000243e-11	-0.0015051083	0.17755668	-0.9840271	447.3439	-0	773788.75
8.250000000000246e-11	-0.0008916877	0.16357203	-0.98644966	447.0433	-0	774312.8
8.300000000000248e-11	-0.0005617023	0.14960854	-0.9886647	446.74332	-0	774835.56
8.35000000000025e-11	-0.0005175581	0.13567619	-0.9906736	446.44394	-0	775357
8.400000000000253e-11	-0.0007612064	0.12178509	-0.99247783	446.14517	-0	775877.06
8.450000000000255e-11	-0.0012941441	0.10794533	-0.9940786	445.84702	-0	776395.9
8.500000000000258e-11	-0.0021174096	0.094166964	-0.99547774	445.54947	-0	776913.44
8.55000000000026e-11	-0.0032315832	0.08046012	-0.9966773	445.25253	-0	777429.6
8.600000000000262e-11	-0.0046367855	0.06683485	-0.997679	444.95618	-0	777944.56
8.650000000000265e-11	-0.006332681	0.053301133	-0.9984853	444.66046	-0	778458.2
8.700000000000267e-11	-0.008318487	0.039868902	-0.99909836	444.36533	-0	778970.5
8.75000000000027e-11	-0.010592965	0.026547974	-0.99952054	444.0708	-0	779481.56
8.800000000000272e-11	-0.013154441	0.013348054	-0.9997546	443.7769	-0	779991.4
8.850000000000274e-11	-0.016000807	0.0002787088	-0.99980336	443.48355	-0	780499.9
8.900000000000277e-11	-0.019129528	-0.012650655	-0.99966955	443.19083	-0	781007.1
8.950000000000279e-11	-0.02253765	-0.0254308	-0.9993561	442.8987	-0	781513.06
9.000000000000282e-11	-0.026221821	-0.03805269	-0.9988664	442.60718	-0	782017.8
9.050000000000284e-11	-0.030178284	-0.050507493	-0.99820346	442.31622	-0	782521.25
9.100000000000287e-11	-0.034402907	-0.0627866	-0.99737084	442.02588	-0	783023.4
9.150000000000289e-11	-0.038891196	-0.07488167	-0.99637175	441.7361	-0	783524.3
9.200000000000291e-11	-0.043638296	-0.08678457	-0.99520993	441.44696	-0	784024
9.250000000000294e-11	-0.048639003	-0.09848748	-0.993889	441.1584	-0	784522.44
9.300000000000296e-11	-0.053887814	-0.10998287	-0.9924126	440.87042	-0	785019.6
9.350000000000299e-11	-0.059378907	-0.12126344	-0.99078476	440.583	-0	785515.56
9.400000000000301e-11	-0.06510616	-0.13232227	-0.98900914	440.2962	-0	786010.25
9.450000000000303e-11	-0.07106319	-0.14315271	-0.9870899	440.00998	-0	786503.75
9.500000000000306e-11	-0.07724338	-0.15374845	-0.98503083	439.72433	-0	786996
9.550000000000308e-11	-0.083639815	-0.16410352	-0.98283625	439.43927	-0	787487
9.60000000000031e-11	-0.09024542	-0.17421225	-0.98051023	439.15482	-0	787976.8
9.650000000000313e-11	-0.0970529	-0.18406934	-0.97805685	438.8709	-0	788465.4
9.700000000000315e-11	-0.10405478	-0.19366981	-0.97548056	438.5876	-0	788952.7
9.750000000000318e-11	-0.11124338	-0.20300908	-0.9727853	438.30487	-0	789438.9
9.80000000000032e-11	-0.11861094	-0.21208291	-0.96997565	438.0227	-0	789923.75
9.850000000000323e-11	-0.12614954	-0.22088732	-0.9670558	437.74112	-0	790407.5
9.900000000000325e-11	-0.13385116	-0.22941884	-0.96403	437.4601	-0	790890
9.950000000000328e-11	-0.14170764	-0.23767424	-0.96090263	437.17966	-0	791371.3
1.000000000000033e-10	-0.14971085	-0.24565065	-0.95767814	436.89978	-0	791851.44
1.0050000000000332e-10	-0.15785249	-0.25334558	-0.9543608	436.6205	-0	792330.4
1.0100000000000335e-10	-0.16612425	-0.26075685	-0.95095485	436.34177	-0	792808.1
1.0150000000000337e-10	-0.17451788	-0.26788267	-0.94746494	436.06363	-0	793284.6
1.020000000000034e-10	-0.183025	-0.27472156	-0.943895	435.78604	-0	793760
1.0250000000000342e-10	-0.1916373	-0.28127235	-0.9402496	435.509	-0	794234.2
1.0300000000000344e-10	-0.20034648	-0.2875342	-0.93653303	435.23254	-0	794707.2
1.0350000000000347e-10	-0.20914428	-0.29350665	-0.9327494	434.95667	-0	795179
1.0400000000000349e-10	-0.21802253	-0.29918945	-0.9289031	434.68134	-0	795649.7
1.0450000000000352e-10	-0.22697298	-0.30458274	-0.9249983	434.40656	-0	796119.2
1.0500000000000354e-10	-0.23598763	-0.3096869	-0.92103904	434.13235	-0	796587.5
1.0550000000000356e-10	-0.24505848	-0.31450254	-0.9170297	433.8587	-0	797054.6
1.0600000000000359e-10	-0.25417757	-0.3190307	-0.91297424	433.5856	-0	797520.6
1.0650000000000361e-10	-0.26333714	-0.32327253	-0.90887654	433.31308	-0	797985.5
1.0700000000000364e-10	-0.2725296	-0.32722956	-0.904741	433.0411	-0	798449.2
1.0750000000000366e-10	-0.2817473	-0.33090353	-0.90057135	432.76968	-0	798911.75
1.0800000000000369e-10	-0.29098287	-0.33429626	-0.8963713	432.4988	-0	799373.1
1.0850000000000371e-10	-0.300229	-0.33741003	-0.8921451	432.2285	-0	799833.4
1.0900000000000373e-10	-0.30947864	-0.34024727	-0.88789624	431.9587	-0	800292.5
1.0950000000000376e-10	-0.31872475	-0.34281048	-0.8836286	431.6895	-0	800750.5
1.1000000000000378e-10	-0.32796055	-0.34510243	-0.8793458	431.42084	-0	801207.3
1.105000000000038e-10	-0.33717933	-0.34712625	-0.8750514	431.15274	-0	801663.06
1.1100000000000383e-10	-0.34637478	-0.34888488	-0.8707493	430.88516	-0	802117.6
1.1150000000000385e-10	-0.3555404	-0.3503818	-0.86644256	430.61813	-0	802571.1
1.1200000000000388e-10	-0.36467016	-0.35162032	-0.86213475	430.35165	-0	803023.44
1.125000000000039e-10	-0.37375817	-0.35260415	-0.8578294	430.08572	-0	803474.7
1.1300000000000393e-10	-0.38279855	-0.35333687	-0.8535295	429.8203	-0	803924.8
1.1350000000000395e-10	-0.39178583	-0.35382235	-0.8492386	429.55548	-0	804373.8
1.1400000000000397e-10	-0.4007145	-0.35406467	-0.8449597	429.29117	-0	804821.7
1.14500000000004e-10	-0.40957943	-0.35406774	-0.84069586	429.02737	-0	805268.44
1.1500000000000402e-10	-0.41837555	-0.3538358	-0.8364502	428.76416	-0	805714.1
1.1550000000000405e-10	-0.42709804	-0.3533729	-0.8322256	428.50146	-0	806158.7
1.1600000000000407e-10	-0.43574223	-0.35268342	-0.82802516	428.2393	-0	806602.2
1.1650000000000407e-10	-0.4443036	-0.35177183	-0.8238514	427.97766	-0	807044.56
1.1700000000000396e-10	-0.452777	-0.350644	-0.81970704	427.82095	-0	807309.44
1.1750000000000386e-10	-0.46115965	-0.34930208	-0.8155949	427.50812	-0	807838.06
1.1800000000000375e-10	-0.46944648	-0.34775266	-0.8115175	427.19608	-0	808365.06
1.1850000000000365e-10	-0.47763473	-0.3459982	-0.80747783	427.0403	-0	808628
1.1900000000000354e-10	-0.48572078	-0.34404328	-0.8034778	426.7294	-0	809152.7
1.1950000000000344e-10	-0.49370024	-0.34189445	-0.79952013	426.41925	-0	809675.8
1.2000000000000333e-10	-0.50157076	-0.3395542	-0.79560727	426.26443	-0	809936.8
1.2050000000000323e-10	-0.5093294	-0.3370272	-0.7917415	425.9554	-0	810457.6
1.2100000000000312e-10	-0.5169721	-0.33431992	-0.7879246	425.64716	-0	810976.94
1.2150000000000302e-10	-0.52449685	-0.33143497	-0.78415924	425.49332	-0	811236
1.2200000000000291e-10	-0.53190136	-0.32837677	-0.78044736	425.18616	-0	811752.94
1.225000000000028e-10	-0.5391819	-0.32515204	-0.7767908	424.8798	-0	812268.44
1.230000000000027e-10	-0.5463371	-0.32176316	-0.77319187	424.72687	-0	812525.56
1.235000000000026e-10	-0.55336475	-0.31821454	-0.76965225	424.42163	-0	813038.75
1.240000000000025e-10	-0.5602619	-0.31451276	-0.7661737	424.1171	-0	813550.44
1.245000000000024e-10	-0.5670273	-0.31066012	-0.7627584	423.96512	-0	813805.7
1.2500000000000228e-10	-0.5736591	-0.30666095	-0.7594079	423.66174	-0	814315.1
1.2550000000000218e-10	-0.5801549	-0.30252174	-0.75612354	423.35907	-0	814823
1.2600000000000207e-10	-0.58651376	-0.29824457	-0.75290734	423.20804	-0	815076.4
1.2650000000000197e-10	-0.59273404	-0.29383376	-0.7497609	422.9065	-0	815582.06
1.2700000000000186e-10	-0.5988138	-0.28929552	-0.7466853	422.60568	-0	816086.25
1.2750000000000176e-10	-0.60475224	-0.2846319	-0.7436825	422.45557	-0	816337.75
1.2800000000000165e-10	-0.61054826	-0.27984697	-0.7407536	422.15585	-0	816839.7
1.2850000000000155e-10	-0.6162001	-0.27494687	-0.7379	421.8569	-0	817340.2
1.2900000000000144e-10	-0.6217071	-0.26993343	-0.73512304	421.70767	-0	817589.9
1.2950000000000134e-10	-0.6270686	-0.2648106	-0.73242414	421.40982	-0	818088.1
1.3000000000000123e-10	-0.63228285	-0.25958422	-0.72980404	421.11267	-0	818584.94
1.3050000000000113e-10	-0.63734967	-0.2542561	-0.7272643	420.9644	-0	818832.8
1.3100000000000102e-10	-0.64226836	-0.24882995	-0.724806	420.66833	-0	819327.4
1.3150000000000092e-10	-0.6470377	-0.24331151	-0.72242993	420.373	-0	819820.56
1.320000000000008e-10	-0.6516574	-0.23770231	-0.72013724	420.22562	-0	820066.6
1.325000000000007e-10	-0.65612704	-0.23200582	-0.7179291	419.93137	-0	820557.56
1.330000000000006e-10	-0.66044545	-0.22622785	-0.715806	419.63785	-0	821047.1
1.335000000000005e-10	-0.6646127	-0.2203696	-0.7137693	419.49136	-0	821291.4
1.340000000000004e-10	-0.6686283	-0.21443446	-0.7118197	419.1989	-0	821778.75
1.3450000000000029e-10	-0.67249155	-0.2084279	-0.7099575	418.90717	-0	822264.75
1.3500000000000018e-10	-0.67620224	-0.2023511	-0.70818424	418.76157	-0	822507.2
1.3550000000000007e-10	-0.67976016	-0.19620728	-0.7065002	418.47092	-0	822991
1.3604999999999996e-10	-0.6834967	-0.18937725	-0.7047515	418.18097	-0	823473.4
1.3654999999999985e-10	-0.6867322	-0.18310665	-0.70325667	418.03625	-0	823714.06
1.3704999999999975e-10	-0.6898142	-0.17677656	-0.7018535	417.74738	-0	824194.4
1.3754999999999964e-10	-0.69274205	-0.17039442	-0.700542	417.4592	-0	824673.25
1.3804999999999954e-10	-0.6955154	-0.16396311	-0.6993224	417.31537	-0	824912.2
1.3854999999999943e-10	-0.6981345	-0.15748136	-0.6981961	417.02826	-0	825388.94
1.3904999999999933e-10	-0.70059866	-0.15095636	-0.69716275	416.74185	-0	825864.3
1.3954999999999922e-10	-0.702908	-0.14439104	-0.69622266	416.59888	-0	826101.5
1.4004999999999912e-10	-0.7050623	-0.13778396	-0.69537693	416.31354	-0	826574.8
1.4054999999999901e-10	-0.70706135	-0.13114221	-0.6946253	416.02887	-0	827046.7
1.410499999999989e-10	-0.7089049	-0.124468595	-0.693968	415.88678	-0	827282.1
1.415499999999988e-10	-0.71059304	-0.11776166	-0.6934058	415.60315	-0	827752
1.420499999999987e-10	-0.71212536	-0.111028396	-0.69293845	415.32022	-0	828220.44
1.425499999999986e-10	-0.7135017	-0.104271546	-0.6925659	415.17902	-0	828454.2
1.430499999999985e-10	-0.71472204	-0.0974896	-0.6922891	414.89713	-0	828920.6
1.4354999999999838e-10	-0.7157863	-0.09068953	-0.69210756	414.61594	-0	829385.7
1.4404999999999828e-10	-0.716694	-0.083874024	-0.6920211	414.4756	-0	829617.7
1.4454999999999817e-10	-0.71744514	-0.07704155	-0.6920306	414.1954	-0	830080.7
1.4504999999999807e-10	-0.7180397	-0.070199035	-0.6921352	413.91592	-0	830542.4
1.4554999999999796e-10	-0.7184775	-0.06334919	-0.69233507	413.77646	-0	830772.7
1.4604999999999786e-10	-0.71875805	-0.0564905	-0.69263065	413.498	-0	831232.4
1.4654999999999775e-10	-0.7188815	-0.049629893	-0.6930212	413.2202	-0	831690.7
1.4704999999999765e-10	-0.7188478	-0.042770073	-0.6935063	413.08157	-0	831919.3
1.4754999999999754e-10	-0.7186565	-0.035909615	-0.6940868	412.8048	-0	832375.6
1.4804999999999744e-10	-0.71830744	-0.029055437	-0.6947614	412.52875	-0	832830.6
1.4854999999999733e-10	-0.7178009	-0.022210302	-0.69553	412.39096	-0	833057.56
1.4904999999999723e-10	-0.71713614	-0.015372884	-0.69639295	412.11588	-0	833510.56
1.4954999999999712e-10	-0.7163134	-0.008550134	-0.69734913	411.8415	-0	833962.25
1.5004999999999702e-10	-0.7153328	-0.0017448994	-0.69839805	411.70456	-0	834187.56
1.505499999999969e-10	-0.71419346	0.005044015	-0.69954	411.43115	-0	834637.3
1.510499999999968e-10	-0.7128959	0.01180961	-0.7007739	411.15845	-0	835085.7
1.515499999999967e-10	-0.71144015	0.018548928	-0.70209885	411.02234	-0	835309.4
1.520499999999966e-10	-0.70982534	0.025263023	-0.7035153	410.7506	-0	835755.8
1.525499999999965e-10	-0.7080523	0.03194479	-0.7050216	410.47955	-0	836200.94
1.5304999999999639e-10	-0.70612085	0.038591154	-0.7066174	410.34427	-0	836423.06
1.5354999999999628e-10	-0.7040304	0.045202978	-0.70830226	410.07422	-0	836866.25
1.5404999999999617e-10	-0.7017817	0.051773068	-0.71007484	409.8048	-0	837308.1
1.5454999999999607e-10	-0.6993749	0.058298193	-0.7119344	409.67038	-0	837528.6
1.5504999999999596e-10	-0.69680923	0.06477902	-0.71388054	409.40195	-0	837968.6
1.5554999999999586e-10	-0.6940858	0.071208216	-0.7159116	409.13422	-0	838407.3
1.5604999999999575e-10	-0.6912048	0.077582404	-0.7180268	409.00058	-0	838626.2
1.5654999999999565e-10	-0.6881655	0.083902	-0.7202256	408.7338	-0	839063
1.5704999999999554e-10	-0.68496937	0.0901596	-0.722506	408.46768	-0	839498.5
1.5754999999999544e-10	-0.6816169	0.096351594	-0.72486717	408.33487	-0	839715.8
1.5804999999999533e-10	-0.6781072	0.10247819	-0.7273083	408.06973	-0	840149.44
1.5854999999999523e-10	-0.6744422	0.10853183	-0.7298274	407.80524	-0	840581.8
1.5904999999999512e-10	-0.6706226	0.11450875	-0.7324234	407.67325	-0	840797.5
1.5954999999999502e-10	-0.6666477	0.120408915	-0.73509526	407.40973	-0	841228
1.6004999999999491e-10	-0.6625197	0.1262246	-0.73784095	407.14685	-0	841657.25
1.605499999999948e-10	-0.65823954	0.13195193	-0.7406589	407.01566	-0	841871.44
1.610499999999947e-10	-0.6538069	0.13759057	-0.7435481	406.75372	-0	842298.8
1.615499999999946e-10	-0.6492244	0.14313275	-0.74650633	406.49246	-0	842724.94
1.620499999999945e-10	-0.6444931	0.14857437	-0.7495319	406.36206	-0	842937.56
1.625499999999944e-10	-0.63961315	0.15391488	-0.75262344	406.10175	-0	843361.9
1.6304999999999428e-10	-0.6345876	0.15914647	-0.7557786	405.84207	-0	843784.94
1.6354999999999418e-10	-0.6294181	0.16426489	-0.7589955	405.71246	-0	843996
1.6404999999999407e-10	-0.6241047	0.16926935	-0.7622725	405.45377	-0	844417.25
1.6454999999999397e-10	-0.61865115	0.17415203	-0.7656072	405.19565	-0	844837.25
1.6504999999999386e-10	-0.6130597	0.17890854	-0.7689974	405.06686	-0	845046.8
1.6554999999999376e-10	-0.6073308	0.18353799	-0.7724414	404.80972	-0	845465
1.6604999999999365e-10	-0.6014687	0.18803248	-0.7759364	404.5532	-0	845882
1.6654999999999355e-10	-0.59547603	0.19238764	-0.7794802	404.42517	-0	846090.06
1.6704999999999344e-10	-0.5893539	0.19660245	-0.78307086	404.16962	-0	846505.25
1.6754999999999334e-10	-0.5831071	0.2006691	-0.7867055	403.91464	-0	846919.2
1.6804999999999323e-10	-0.5767389	0.20458317	-0.79038143	403.7874	-0	847125.75
1.6854999999999313e-10	-0.57025087	0.2083436	-0.79409665	403.53342	-0	847537.94
1.6904999999999302e-10	-0.56364846	0.21194278	-0.79784805	403.28003	-0	847948.94
1.6954999999999292e-10	-0.5569356	0.21537636	-0.80163294	403.15356	-0	848154
1.700499999999928e-10	-0.5501144	0.21864332	-0.805449	402.9011	-0	848563.2
1.705499999999927e-10	-0.543191	0.22173624	-0.809293	402.64926	-0	848971.25
1.710499999999926e-10	-0.53616995	0.22465101	-0.8131622	402.52356	-0	849174.8
1.715499999999925e-10	-0.5290539	0.22738665	-0.81705385	402.27264	-0	849581.1
1.720499999999924e-10	-0.5218499	0.22993621	-0.8209647	402.02234	-0	849986.25
1.7254999999999229e-10	-0.514563	0.23229578	-0.82489157	401.89743	-0	850188.3
1.7304999999999218e-10	-0.50719655	0.23446463	-0.82883227	401.64804	-0	850591.7
1.7354999999999207e-10	-0.49975836	0.23643619	-0.832783	401.39926	-0	850993.9
1.7404999999999197e-10	-0.492254	0.23820712	-0.8367404	401.2751	-0	851194.56
1.7454999999999186e-10	-0.48468766	0.23977685	-0.8407021	401.02722	-0	851595
1.7504999999999176e-10	-0.47706753	0.24113949	-0.8446643	400.77997	-0	851994.3
1.7554999999999165e-10	-0.46940017	0.24229218	-0.84862375	400.6566	-0	852193.56
1.7604999999999155e-10	-0.46169004	0.24323489	-0.8525778	400.41022	-0	852591.1
1.7654999999999144e-10	-0.45394626	0.24396235	-0.8565225	400.1645	-0	852987.56
1.7704999999999134e-10	-0.44617587	0.24447232	-0.8604547	400.04184	-0	853185.4
1.7754999999999123e-10	-0.4383839	0.24476537	-0.86437154	399.797	-0	853580.1
1.7804999999999113e-10	-0.43058008	0.24483716	-0.8682693	399.55273	-0	853973.7
1.7854999999999102e-10	-0.42277187	0.24468622	-0.8721447	399.43085	-0	854170.06
1.7904999999999092e-10	-0.414965	0.24431369	-0.8759947	399.1875	-0	854562
1.7954999999999081e-10	-0.4071694	0.24371623	-0.87981576	398.94473	-0	854952.75
1.800499999999907e-10	-0.3993933	0.24289326	-0.8836046	398.82358	-0	855147.75
1.805499999999906e-10	-0.39164254	0.24184673	-0.88735837	398.58173	-0	855536.8
1.810499999999905e-10	-0.38392764	0.24057437	-0.89107347	398.34045	-0	855924.8
1.815499999999904e-10	-0.37625682	0.2390766	-0.89474666	398.22003	-0	856118.4
1.820499999999903e-10	-0.3686366	0.23735625	-0.89837515	397.97964	-0	856504.7
1.8254999999999018e-10	-0.36107743	0.23541223	-0.90195554	397.73987	-0	856889.9
1.8304999999999008e-10	-0.3535878	0.23324598	-0.9054847	397.62018	-0	857082.06
1.8354999999998997e-10	-0.3461743	0.23086137	-0.9089599	397.38126	-0	857465.6
1.8404999999998987e-10	-0.3388475	0.22825848	-0.91237795	397.1429	-0	857848.06
1.8454999999998976e-10	-0.33161587	0.22543997	-0.9157361	397.024	-0	858038.9
1.8504999999998966e-10	-0.3244859	0.22241059	-0.91903156	396.78653	-0	858419.7
1.8554999999998955e-10	-0.31746802	0.21917178	-0.92226166	396.54965	-0	858799.44
1.8604999999998945e-10	-0.31057054	0.21572728	-0.9254235	396.43143	-0	858988.9
1.8654999999998934e-10	-0.30379975	0.21208297	-0.92851484	396.1954	-0	859366.94
1.8704999999998924e-10	-0.29716578	0.20824152	-0.9315329	395.96	-0	859743.94
1.8754999999998913e-10	-0.29067644	0.20420781	-0.93447554	395.8425	-0	859932.06
1.8804999999998903e-10	-0.28433776	0.19998875	-0.9373404	395.6079	-0	860307.44
1.8854999999998892e-10	-0.27815917	0.19558825	-0.9401254	395.37393	-0	860681.75
1.8904999999998882e-10	-0.272148	0.19101231	-0.9428284	395.25714	-0	860868.5
1.895499999999887e-10	-0.26630974	0.18626873	-0.94544774	395.02402	-0	861241.2
1.900499999999886e-10	-0.2606529	0.18136266	-0.9479812	394.79144	-0	861612.8
1.905499999999885e-10	-0.25518417	0.17630108	-0.95042735	394.67538	-0	861798.25
1.910499999999884e-10	-0.24990822	0.17109272	-0.9527847	394.44366	-0	862168.3
1.915499999999883e-10	-0.24483274	0.16574372	-0.9550517	394.21252	-0	862537.3
1.9204999999998819e-10	-0.23996328	0.16026202	-0.9572271	394.09717	-0	862721.4
1.9254999999998808e-10	-0.23530379	0.15465707	-0.9593098	393.86688	-0	863088.8
1.9304999999998798e-10	-0.23086071	0.14893593	-0.9612988	393.63715	-0	863455.2
1.9354999999998787e-10	-0.22663856	0.14310725	-0.9631931	393.5225	-0	863637.94
1.9404999999998776e-10	-0.2226402	0.13718118	-0.96499217	393.29358	-0	864002.75
1.9454999999998766e-10	-0.21887083	0.13116544	-0.96669525	393.06528	-0	864366.5
1.9504999999998755e-10	-0.21533374	0.12506925	-0.968302	392.9513	-0	864548
1.9554999999998745e-10	-0.21203074	0.118903205	-0.9698121	392.72382	-0	864910.2
1.9604999999998734e-10	-0.20896554	0.11267557	-0.9712254	392.4969	-0	865271.4
1.9654999999998724e-10	-0.20614016	0.10639587	-0.97254205	392.38364	-0	865451.56
1.9704999999998713e-10	-0.20355524	0.10007505	-0.973762	392.15753	-0	865811.2
1.9754999999998703e-10	-0.20121293	0.09372157	-0.97488546	391.93198	-0	866169.75
1.9804999999998692e-10	-0.19911401	0.087345175	-0.975913	391.8194	-0	866348.7
1.9854999999998682e-10	-0.19725785	0.08095685	-0.9768452	391.5947	-0	866705.75
1.9904999999998671e-10	-0.19564515	0.07456509	-0.97768265	391.3705	-0	867061.8
1.995499999999866e-10	-0.19427527	0.06817961	-0.9784263	391.25864	-0	867239.44
2.000499999999865e-10	-0.1931464	0.06181123	-0.97907704	391.03528	-0	867594
2.005499999999864e-10	-0.19225779	0.055468295	-0.97963595	390.8125	-0	867947.5
2.010499999999863e-10	-0.1916074	0.049160235	-0.9801042	390.7013	-0	868123.9
2.015499999999862e-10	-0.1911923	0.042897545	-0.98048335	390.4793	-0	868475.9
2.0204999999998608e-10	-0.19101031	0.036688168	-0.9807747	390.25787	-0	868826.94
2.0254999999998598e-10	-0.19105825	0.030541064	-0.9809796	390.14734	-0	869002.06
2.0304999999998587e-10	-0.1913319	0.02446623	-0.9811003	389.92673	-0	869351.56
2.0354999999998577e-10	-0.1918279	0.018471	-0.98113805	389.70663	-0	869700.06
2.0404999999998566e-10	-0.19254178	0.012563689	-0.981095	389.5968	-0	869874
2.0454999999998556e-10	-0.19346851	0.0067536295	-0.98097306	389.3775	-0	870221
2.0504999999998545e-10	-0.19460344	0.0010473754	-0.9807742	389.15875	-0	870567.06
2.0554999999998535e-10	-0.19594112	-0.004547558	-0.9805009	389.0496	-0	870739.75
2.0604999999998524e-10	-0.19747561	-0.010022632	-0.980155	388.83163	-0	871084.3
2.0654999999998514e-10	-0.19920123	-0.0153722195	-0.9797391	388.61423	-0	871427.94
2.0704999999998503e-10	-0.20111173	-0.020589724	-0.97925556	388.50574	-0	871599.4
2.0754999999998493e-10	-0.20320044	-0.025667524	-0.97870654	388.28912	-0	871941.5
2.0804999999998482e-10	-0.20546082	-0.030601015	-0.9780952	388.07306	-0	872282.7
2.0854999999998472e-10	-0.20788586	-0.035384618	-0.9774233	387.9652	-0	872452.9
2.090499999999846e-10	-0.2104684	-0.04001169	-0.976694	387.7499	-0	872792.6
2.095499999999845e-10	-0.21320114	-0.04447874	-0.9759097	387.53516	-0	873131.4
2.100499999999844e-10	-0.21607669	-0.04878127	-0.9750733	387.42798	-0	873300.4
2.105499999999843e-10	-0.21908738	-0.05291366	-0.9741873	387.214	-0	873637.7
2.110499999999842e-10	-0.22222549	-0.05687357	-0.9732546	387.00055	-0	873974.06
2.1154999999998409e-10	-0.22548324	-0.060657598	-0.97227794	386.894	-0	874141.9
2.1204999999998398e-10	-0.22885272	-0.06426117	-0.9712601	386.68137	-0	874476.8
2.1254999999998388e-10	-0.23232594	-0.06768312	-0.9702039	386.4692	-0	874810.8
2.1304999999998377e-10	-0.23589489	-0.07092113	-0.96911216	386.36334	-0	874977.44
2.1354999999998367e-10	-0.23955166	-0.073971674	-0.96798766	386.15195	-0	875310.06
2.1404999999998356e-10	-0.24328808	-0.07683472	-0.9668332	385.9411	-0	875641.7
2.1454999999998345e-10	-0.24709614	-0.07950905	-0.96565163	385.83588	-0	875807.1
2.1504999999998335e-10	-0.25096798	-0.0819921	-0.96444577	385.6258	-0	876137.4
2.1554999999998324e-10	-0.25489542	-0.084284954	-0.9632182	385.41623	-0	876466.6
2.1604999999998314e-10	-0.25887066	-0.08638741	-0.9619718	385.31165	-0	876630.94
2.1654999999998303e-10	-0.26288596	-0.08829785	-0.9607093	385.10284	-0	876958.8
2.1704999999998293e-10	-0.26693338	-0.0900184	-0.9594334	384.89456	-0	877285.8
2.1754999999998282e-10	-0.27100527	-0.091549836	-0.95814663	384.79062	-0	877448.94
2.1804999999998272e-10	-0.2750943	-0.09289138	-0.956852	384.5831	-0	877774.56
2.1854999999998261e-10	-0.27919278	-0.09404615	-0.95555174	384.3761	-0	878099.2
2.190499999999825e-10	-0.28329343	-0.09501577	-0.9542483	384.2728	-0	878261.2
2.195499999999824e-10	-0.2873893	-0.095800236	-0.9529445	384.06653	-0	878584.5
2.200499999999823e-10	-0.29147312	-0.09640359	-0.95164275	383.86078	-0	878906.9
2.205499999999822e-10	-0.29553813	-0.096828215	-0.95034534	383.7581	-0	879067.7
2.210499999999821e-10	-0.29957774	-0.09707484	-0.9490546	383.5531	-0	879388.75
2.2154999999998198e-10	-0.30358526	-0.09714823	-0.9477729	383.34863	-0	879708.8
2.2204999999998188e-10	-0.30755436	-0.09705147	-0.9465023	383.24655	-0	879868.56
2.2254999999998177e-10	-0.3114791	-0.096785925	-0.9452453	383.04282	-0	880187.3
2.2304999999998167e-10	-0.31535327	-0.09635701	-0.9440037	382.83957	-0	880505.2
2.2354999999998156e-10	-0.3191711	-0.09576844	-0.94277954	382.73816	-0	880663.75
2.2404999999998146e-10	-0.32292727	-0.09502205	-0.941575	382.53564	-0	880980.3
2.2454999999998135e-10	-0.3266162	-0.09412387	-0.94039196	382.33365	-0	881295.94
2.2504999999998125e-10	-0.33023274	-0.093078084	-0.93923205	382.23285	-0	881453.4
2.2554999999998114e-10	-0.33377206	-0.091886975	-0.93809724	382.0316	-0	881767.7
2.2604999999998104e-10	-0.33722937	-0.09055703	-0.93698907	381.8308	-0	882081.1
2.2654999999998093e-10	-0.3406001	-0.08909287	-0.9359093	381.73062	-0	882237.5
2.2704999999998083e-10	-0.34388012	-0.08749709	-0.93485945	381.53058	-0	882549.56
2.2754999999998072e-10	-0.34706512	-0.08577658	-0.93384093	381.33105	-0	882860.75
2.2804999999998062e-10	-0.35015133	-0.08393625	-0.932855	381.23148	-0	883016.06
2.285499999999805e-10	-0.3531352	-0.081978984	-0.93190336	381.03265	-0	883325.94
2.290499999999804e-10	-0.35601318	-0.07991194	-0.9309869	380.83432	-0	883635
2.295499999999803e-10	-0.35878196	-0.07774028	-0.9301069	380.73535	-0	883789.2
2.300499999999802e-10	-0.36143878	-0.07546707	-0.92926455	380.53775	-0	884096.9
2.305499999999801e-10	-0.36398074	-0.073099695	-0.9284606	380.34064	-0	884403.75
2.3104999999997999e-10	-0.36640525	-0.07064344	-0.9276962	380.24228	-0	884556.9
2.3154999999997988e-10	-0.36870992	-0.06810151	-0.9269723	380.0459	-0	884862.44
2.3204999999997978e-10	-0.37089273	-0.065481424	-0.9262894	379.84998	-0	885167.1
2.3254999999997967e-10	-0.3729518	-0.06278856	-0.9256483	379.7522	-0	885319.2
2.3304999999997967e-10	-0.3748852	-0.060026176	-0.92504966	379.55704	-0	885622.6
2.335499999999798e-10	-0.3766915	-0.05720093	-0.92449415	379.3947	-0	885874.8
2.3404999999998e-10	-0.37836933	-0.054318447	-0.923982	379.23273	-0	886126.5
2.3454999999998013e-10	-0.37991774	-0.05138411	-0.92351365	379.0711	-0	886377.5
2.350499999999803e-10	-0.38133568	-0.04840335	-0.9230896	378.9098	-0	886628
2.3554999999998044e-10	-0.38262254	-0.045381542	-0.9227098	378.74878	-0	886877.9
2.360499999999806e-10	-0.38377777	-0.042324048	-0.92237467	378.58813	-0	887127.2
2.3654999999998074e-10	-0.3848011	-0.039236207	-0.92208415	378.4278	-0	887375.9
2.370499999999809e-10	-0.38569236	-0.03612331	-0.9218385	378.2678	-0	887624
2.3754999999998105e-10	-0.38645163	-0.03299063	-0.92163736	378.10812	-0	887871.56
2.380499999999812e-10	-0.3870792	-0.029843371	-0.9214806	377.94876	-0	888118.56
2.3854999999998136e-10	-0.3875756	-0.02668671	-0.92136836	377.78973	-0	888364.94
2.390499999999815e-10	-0.38794124	-0.02352575	-0.92129993	377.63104	-0	888610.8
2.3954999999998166e-10	-0.3881771	-0.020365542	-0.9212755	377.47266	-0	888856.06
2.400499999999818e-10	-0.38828406	-0.017211065	-0.9212942	377.3146	-0	889100.75
2.4054999999998197e-10	-0.38826334	-0.014067236	-0.92135596	377.15686	-0	889344.8
2.410499999999821e-10	-0.3881163	-0.01093889	-0.9214599	376.99945	-0	889588.4
2.415499999999823e-10	-0.38784426	-0.00783078	-0.92160577	376.84238	-0	889831.3
2.4204999999998243e-10	-0.387449	-0.0047475807	-0.9217928	376.6856	-0	890073.75
2.425499999999826e-10	-0.38693234	-0.0016938747	-0.92202026	376.52914	-0	890315.56
2.4304999999998274e-10	-0.38629612	0.0013258532	-0.9222873	376.37302	-0	890556.9
2.435499999999829e-10	-0.38554263	0.00430722	-0.9225932	376.21722	-0	890797.56
2.4404999999998304e-10	-0.38467407	0.0072459364	-0.92293733	376.0617	-0	891037.75
2.445499999999832e-10	-0.38369277	0.010137831	-0.9233184	375.90652	-0	891277.3
2.4504999999998335e-10	-0.38260144	0.012978833	-0.9237356	375.75168	-0	891516.4
2.455499999999835e-10	-0.38140273	0.015765006	-0.9241879	375.59714	-0	891754.9
2.4604999999998366e-10	-0.38009945	0.01849252	-0.9246742	375.4429	-0	891992.75
2.465499999999838e-10	-0.37869453	0.02115768	-0.9251934	375.289	-0	892230.1
2.4704999999998396e-10	-0.37719113	0.023756912	-0.92574453	375.1354	-0	892467
2.475499999999841e-10	-0.37559247	0.026286785	-0.9263263	374.98212	-0	892703.25
2.4804999999998427e-10	-0.37390184	0.028743997	-0.92693734	374.82913	-0	892938.94
2.485499999999844e-10	-0.37212265	0.031125395	-0.92757654	374.67648	-0	893174.1
2.490499999999846e-10	-0.37025863	0.03342797	-0.9282425	374.5241	-0	893408.75
2.4954999999998473e-10	-0.36831325	0.035648856	-0.92893404	374.37207	-0	893642.8
2.500499999999849e-10	-0.3662904	0.037785362	-0.92964983	374.22034	-0	893876.4
2.5054999999998504e-10	-0.36419374	0.039834928	-0.9303883	374.06894	-0	894109.4
2.510499999999852e-10	-0.36202744	0.04179516	-0.9311481	373.91782	-0	894341.8
2.5154999999998534e-10	-0.35979536	0.043663844	-0.931928	373.76703	-0	894573.75
2.520499999999855e-10	-0.3575016	0.04543892	-0.93272626	373.61652	-0	894805.1
2.5254999999998565e-10	-0.3551504	0.047118507	-0.93354154	373.46634	-0	895035.94
2.530499999999858e-10	-0.3527459	0.048700873	-0.9343725	373.31644	-0	895266.25
2.5354999999998596e-10	-0.35029247	0.050184492	-0.93521756	373.16687	-0	895496
2.540499999999861e-10	-0.3477943	0.051568	-0.9360753	373.0176	-0	895725.25
2.5454999999998626e-10	-0.34525585	0.05285022	-0.93694407	372.86862	-0	895953.94
2.550499999999864e-10	-0.34268156	0.054030135	-0.9378225	372.71997	-0	896182.1
2.5554999999998657e-10	-0.34007582	0.055106934	-0.9387091	372.57162	-0	896409.75
2.560499999999867e-10	-0.337443	0.05607999	-0.9396023	372.42355	-0	896636.9
2.565499999999869e-10	-0.33478773	0.056948848	-0.9405007	372.27582	-0	896863.5
2.5704999999998703e-10	-0.3321143	0.05771324	-0.9414028	372.12836	-0	897089.56
2.575499999999872e-10	-0.3294274	0.058373116	-0.94230694	371.9812	-0	897315.06
2.5804999999998734e-10	-0.32673123	0.058928553	-0.943212	371.83435	-0	897540.1
2.585499999999875e-10	-0.32403037	0.059379853	-0.94411623	371.6878	-0	897764.56
2.5904999999998764e-10	-0.3213292	0.05972752	-0.9450186	371.54153	-0	897988.56
2.595499999999878e-10	-0.31863222	0.0599722	-0.94591725	371.3956	-0	898212
2.6004999999998795e-10	-0.3159436	0.060114756	-0.946811	371.24994	-0	898435
2.605499999999881e-10	-0.3132677	0.0601562	-0.9476984	371.10458	-0	898657.4
2.6104999999998826e-10	-0.31060869	0.06009777	-0.94857854	370.9595	-0	898879.3
2.615499999999884e-10	-0.3079708	0.059940815	-0.94944954	370.81473	-0	899100.7
2.6204999999998856e-10	-0.30535805	0.059686918	-0.9503105	370.67026	-0	899321.56
2.625499999999887e-10	-0.30277452	0.059337795	-0.95116013	370.5261	-0	899541.94
2.6304999999998887e-10	-0.30022404	0.05889533	-0.95199734	370.3822	-0	899761.8
2.63549999999989e-10	-0.29771048	0.058361597	-0.9528207	370.23862	-0	899981.2
2.640499999999892e-10	-0.2952375	0.0577388	-0.9536292	370.0953	-0	900200.06
2.6454999999998933e-10	-0.29280874	0.057029292	-0.95442206	369.9523	-0	900418.4
2.650499999999895e-10	-0.29042765	0.056235578	-0.95519775	369.8096	-0	900636.25
2.6554999999998964e-10	-0.28809765	0.055360332	-0.9559556	369.66718	-0	900853.56
2.660499999999898e-10	-0.28582183	0.054406323	-0.95669484	369.52505	-0	901070.4
2.6654999999998994e-10	-0.28360337	0.05337647	-0.9574142	369.3832	-0	901286.75
2.670499999999901e-10	-0.2814452	0.052273802	-0.95811313	369.24167	-0	901502.56
2.6754999999999025e-10	-0.27935007	0.051101476	-0.9587907	369.1004	-0	901717.94
2.680499999999904e-10	-0.2773206	0.049862735	-0.9594462	368.9594	-0	901932.75
2.6854999999999056e-10	-0.2753593	0.048560936	-0.96007913	368.81873	-0	902147.1
2.690499999999907e-10	-0.27346846	0.047199536	-0.96068865	368.67834	-0	902360.94
2.6954999999999086e-10	-0.27165022	0.04578206	-0.9612744	368.5382	-0	902574.3
2.70049999999991e-10	-0.26990658	0.04431211	-0.96183556	368.39838	-0	902787.2
2.7054999999999117e-10	-0.26823926	0.042793356	-0.9623718	368.25885	-0	902999.56
2.710499999999913e-10	-0.26664993	0.04122953	-0.9628829	368.1196	-0	903211.44
2.715499999999915e-10	-0.26514	0.039624408	-0.96336836	367.98062	-0	903422.8
2.7204999999999163e-10	-0.26371077	0.037981804	-0.96382797	367.84192	-0	903633.75
2.725499999999918e-10	-0.26236323	0.036305573	-0.9642614	367.70352	-0	903844.2
2.7304999999999194e-10	-0.26109833	0.034599576	-0.96466833	367.5654	-0	904054.1
2.735499999999921e-10	-0.25991675	0.03286771	-0.96504915	367.42755	-0	904263.56
2.7404999999999224e-10	-0.258819	0.031113857	-0.9654034	367.28998	-0	904472.56
2.745499999999924e-10	-0.2578055	0.029341895	-0.965731	367.1527	-0	904681.06
2.7504999999999255e-10	-0.2568763	0.027555702	-0.96603227	367.01572	-0	904889.06
2.755499999999927e-10	-0.2560314	0.025759129	-0.9663069	366.879	-0	905096.56
2.7604999999999286e-10	-0.25527063	0.023955978	-0.9665555	366.74255	-0	905303.6
2.76549999999993e-10	-0.25459358	0.022150042	-0.966778	366.60638	-0	905510.25
2.7704999999999317e-10	-0.25399974	0.020345047	-0.9669747	366.4705	-0	905716.3
2.775499999999933e-10	-0.25348836	0.018544663	-0.96714604	366.33487	-0	905921.94
2.7804999999999347e-10	-0.25305858	0.016752502	-0.967292	366.19955	-0	906127.1
2.785499999999936e-10	-0.25270933	0.014972109	-0.9674132	366.06448	-0	906331.8
2.790499999999938e-10	-0.25243944	0.013206935	-0.96751016	365.92972	-0	906536.06
2.7954999999999393e-10	-0.2522475	0.011460367	-0.96758294	365.7952	-0	906739.8
2.800499999999941e-10	-0.25213203	0.009735685	-0.96763283	365.66098	-0	906943.06
2.8054999999999424e-10	-0.25209144	0.008036072	-0.96765953	365.527	-0	907145.9
2.810499999999944e-10	-0.2521239	0.0063646156	-0.96766406	365.39334	-0	907348.25
2.8154999999999455e-10	-0.25222751	0.004724283	-0.96764696	365.25992	-0	907550.1
2.820499999999947e-10	-0.25240028	0.0031179306	-0.9676088	365.12677	-0	907751.56
2.8254999999999485e-10	-0.25264	0.0015482977	-0.96755046	364.99393	-0	907952.5
2.83049999999995e-10	-0.25294453	1.7992988e-05	-0.9674727	364.86133	-0	908153
2.8354999999999516e-10	-0.25331137	-0.0014705005	-0.9673759	364.729	-0	908353.06
2.840499999999953e-10	-0.2537382	-0.0029148345	-0.9672611	364.59692	-0	908552.6
2.8454999999999547e-10	-0.2542224	-0.0043127947	-0.967129	364.46515	-0	908751.75
2.850499999999956e-10	-0.25476137	-0.005662303	-0.9669806	364.33362	-0	908950.4
2.8554999999999577e-10	-0.25535247	-0.006961427	-0.9668163	364.2024	-0	909148.6
2.860499999999959e-10	-0.25599286	-0.008208373	-0.9666374	364.0714	-0	909346.4
2.865499999999961e-10	-0.25667977	-0.009401496	-0.9664446	363.94067	-0	909543.7
2.8704999999999623e-10	-0.25741032	-0.010539297	-0.96623874	363.81024	-0	909740.5
2.875499999999964e-10	-0.25818166	-0.011620425	-0.9660205	363.68005	-0	909936.94
2.8804999999999654e-10	-0.2589908	-0.012643672	-0.96579117	363.55014	-0	910132.9
2.885499999999967e-10	-0.2598347	-0.013607979	-0.96555144	363.42047	-0	910328.4
2.8904999999999685e-10	-0.26071048	-0.014512439	-0.96530217	363.2911	-0	910523.44
2.89549999999997e-10	-0.26161507	-0.015356291	-0.9650444	363.162	-0	910718.06
2.9004999999999715e-10	-0.26254547	-0.016138917	-0.9647789	363.0331	-0	910912.2
2.905499999999973e-10	-0.26349863	-0.016859848	-0.96450675	362.9045	-0	911105.94
2.9104999999999746e-10	-0.26447162	-0.017518748	-0.9642286	362.77618	-0	911299.2
2.915499999999976e-10	-0.2654614	-0.018115433	-0.9639454	362.6481	-0	911492
2.9204999999999777e-10	-0.26646495	-0.018649852	-0.96365815	362.5203	-0	911684.44
2.925499999999979e-10	-0.26747942	-0.0191221	-0.96336764	362.39276	-0	911876.4
2.9304999999999807e-10	-0.26850185	-0.019532392	-0.9630749	362.26547	-0	912067.9
2.9354999999999823e-10	-0.26952928	-0.01988108	-0.96278065	362.13843	-0	912258.94
2.940499999999984e-10	-0.27055907	-0.020168653	-0.9624856	362.01166	-0	912449.6
2.9454999999999853e-10	-0.2715883	-0.020395696	-0.9621907	361.88516	-0	912639.8
2.950499999999987e-10	-0.27261424	-0.020562952	-0.9618967	361.75888	-0	912829.56
2.9554999999999884e-10	-0.27363423	-0.020671243	-0.9616046	361.6329	-0	913018.94
2.96049999999999e-10	-0.2746457	-0.020721538	-0.96131486	361.50717	-0	913207.8
2.9654999999999915e-10	-0.27564606	-0.02071489	-0.96102834	361.38168	-0	913396.3
2.970499999999993e-10	-0.2766329	-0.020652466	-0.96074593	361.25644	-0	913584.3
2.9754999999999945e-10	-0.27760378	-0.020535532	-0.9604681	361.13147	-0	913771.94
2.980499999999996e-10	-0.27855647	-0.02036544	-0.9601956	361.00674	-0	913959.1
2.9854999999999976e-10	-0.27948868	-0.020143643	-0.95992905	360.8823	-0	914145.9
2.990499999999999e-10	-0.28039837	-0.01987168	-0.9596691	360.7581	-0	914332.25
2.9950000000000005e-10	-0.28119606	-0.019585239	-0.9594413	360.63412	-0	914518.1
3.000000000000002e-10	-0.28205726	-0.01922245	-0.9591956	360.51044	-0	914703.6
3.0050000000000036e-10	-0.2828902	-0.018814374	-0.95895815	360.387	-0	914888.7
3.010000000000005e-10	-0.28369313	-0.018362826	-0.9587292	360.2638	-0	915073.3
3.0150000000000066e-10	-0.28446442	-0.017869681	-0.9585097	360.14084	-0	915257.56
3.020000000000008e-10	-0.28520247	-0.017336877	-0.9583	360.01813	-0	915441.3
3.0250000000000097e-10	-0.28590584	-0.016766384	-0.95810026	359.8957	-0	915624.7
3.030000000000011e-10	-0.2865731	-0.016160244	-0.95791095	359.7735	-0	915807.7
3.035000000000013e-10	-0.28720307	-0.015520518	-0.9577325	359.65155	-0	915990.25
3.0400000000000143e-10	-0.28779462	-0.014849311	-0.9575653	359.52985	-0	916172.4
3.045000000000016e-10	-0.28834665	-0.01414875	-0.9574096	359.40842	-0	916354.06
3.0500000000000174e-10	-0.28885823	-0.013421	-0.95726556	359.2872	-0	916535.4
3.055000000000019e-10	-0.28932855	-0.01266823	-0.9571334	359.16626	-0	916716.25
3.0600000000000205e-10	-0.28975692	-0.0118926335	-0.9570136	359.04553	-0	916896.75
3.065000000000022e-10	-0.2901427	-0.011096411	-0.9569061	358.92508	-0	917076.8
3.0700000000000235e-10	-0.29048532	-0.01028177	-0.95681083	358.80487	-0	917256.44
3.075000000000025e-10	-0.29078448	-0.009450912	-0.9567283	358.6849	-0	917435.7
3.0800000000000266e-10	-0.2910398	-0.008606041	-0.9566584	358.56516	-0	917614.56
3.085000000000028e-10	-0.29125115	-0.0077493438	-0.95660126	358.44568	-0	917793
3.0900000000000297e-10	-0.29141837	-0.0068830037	-0.9565566	358.32645	-0	917971
3.095000000000031e-10	-0.29154146	-0.0060091773	-0.95652485	358.20746	-0	918148.6
3.1000000000000327e-10	-0.29162055	-0.0051300093	-0.95650554	358.0887	-0	918325.9
3.105000000000034e-10	-0.29165587	-0.004247604	-0.95649904	357.97018	-0	918502.7
3.110000000000036e-10	-0.2916477	-0.0033640475	-0.9565048	357.85193	-0	918679.1
3.1150000000000373e-10	-0.29159635	-0.0024813896	-0.9565231	357.7339	-0	918855.1
3.120000000000039e-10	-0.2915024	-0.0016016362	-0.9565535	357.61612	-0	919030.75
3.1250000000000404e-10	-0.2913663	-0.00072675035	-0.95659596	357.49857	-0	919205.94
3.130000000000042e-10	-0.2911888	0.00014133932	-0.9566501	357.38126	-0	919380.75
3.1350000000000435e-10	-0.29097056	0.0010007664	-0.9567159	357.2642	-0	919555.2
3.140000000000045e-10	-0.29071242	0.0018497052	-0.95679295	357.14737	-0	919729.25
3.1450000000000465e-10	-0.2904153	0.0026863904	-0.9568812	357.0308	-0	919902.9
3.150000000000048e-10	-0.29008004	0.0035091129	-0.95698017	356.91443	-0	920076.1
3.1550000000000496e-10	-0.2897078	0.0043162284	-0.9570896	356.7983	-0	920248.94
3.160000000000051e-10	-0.28929958	0.005106153	-0.95720917	356.68243	-0	920421.4
3.1650000000000527e-10	-0.2888566	0.0058773602	-0.9573385	356.5668	-0	920593.44
3.170000000000054e-10	-0.28838003	0.0066284095	-0.9574773	356.4514	-0	920765.1
3.1750000000000557e-10	-0.28787118	0.0073579187	-0.9576251	356.33624	-0	920936.44
3.1800000000000573e-10	-0.2873314	0.008064577	-0.9577815	356.22128	-0	921107.3
3.185000000000059e-10	-0.28676197	0.00874716	-0.9579461	356.1066	-0	921277.8
3.1900000000000603e-10	-0.2861644	0.0094045065	-0.95811874	355.99213	-0	921447.94
3.195000000000062e-10	-0.28554016	0.0100355325	-0.95829856	355.8779	-0	921617.7
3.2000000000000634e-10	-0.28489065	0.010639239	-0.9584855	355.7639	-0	921787.06
3.205000000000065e-10	-0.28421748	0.011214706	-0.9586789	355.65015	-0	921956
3.2100000000000665e-10	-0.28352222	0.01176109	-0.9588783	355.5366	-0	922124.6
3.215000000000068e-10	-0.28280646	0.012277637	-0.9590834	355.4233	-0	922292.8
3.2200000000000695e-10	-0.28207174	0.012763663	-0.9592934	355.3102	-0	922460.6
3.225000000000071e-10	-0.28131977	0.013218574	-0.9595083	355.1974	-0	922628.06
3.2300000000000726e-10	-0.28055218	0.013641853	-0.95972735	355.08478	-0	922795.1
3.235000000000074e-10	-0.27977055	0.01403307	-0.9599499	354.97238	-0	922961.8
3.2400000000000757e-10	-0.27897665	0.014391874	-0.9601759	354.86023	-0	923128.1
3.245000000000077e-10	-0.27817208	0.014717998	-0.96040463	354.74832	-0	923294.06
3.2500000000000787e-10	-0.27735847	0.0150112575	-0.96063536	354.63663	-0	923459.6
3.2550000000000803e-10	-0.27653757	0.015271542	-0.9608681	354.52515	-0	923624.8
3.260000000000082e-10	-0.27571094	0.015498825	-0.96110237	354.4139	-0	923789.6
3.2650000000000833e-10	-0.27488023	0.015693162	-0.9613373	354.30292	-0	923954.1
3.270000000000085e-10	-0.27404708	0.015854677	-0.9615728	354.1921	-0	924118.2
3.2750000000000864e-10	-0.27321294	0.015983567	-0.9618082	354.08157	-0	924281.9
3.280000000000088e-10	-0.27237952	0.016080119	-0.9620433	353.97122	-0	924445.2
3.2850000000000895e-10	-0.27154842	0.016144685	-0.9622774	353.8611	-0	924608.2
3.290000000000091e-10	-0.27072117	0.016177688	-0.96251005	353.75122	-0	924770.75
3.2950000000000925e-10	-0.26989913	0.016179621	-0.96274126	353.64157	-0	924933
3.300000000000094e-10	-0.26908374	0.016151037	-0.96297014	353.53214	-0	925094.9
3.3050000000000956e-10	-0.26827648	0.016092561	-0.96319664	353.4229	-0	925256.3
3.310000000000097e-10	-0.26747876	0.016004866	-0.9634202	353.31393	-0	925417.5
3.3150000000000987e-10	-0.2666917	0.0158887	-0.9636407	353.20517	-0	925578.25
3.3200000000001e-10	-0.26591673	0.015744861	-0.9638574	353.09662	-0	925738.6
3.3250000000001017e-10	-0.26515505	0.0155742	-0.9640703	352.98828	-0	925898.7
3.3300000000001033e-10	-0.26440772	0.015377619	-0.964279	352.8802	-0	926058.4
3.335000000000105e-10	-0.263676	0.015156066	-0.9644832	352.7723	-0	926217.7
3.3400000000001063e-10	-0.26296085	0.014910533	-0.9646824	352.66464	-0	926376.7
3.345000000000108e-10	-0.2622633	0.014642064	-0.9648767	352.5572	-0	926535.25
3.3500000000001094e-10	-0.2615843	0.014351729	-0.9650656	352.44998	-0	926693.5
3.355000000000111e-10	-0.26092476	0.014040637	-0.96524906	352.34296	-0	926851.44
3.3600000000001125e-10	-0.26028538	0.013709931	-0.96542674	352.23618	-0	927008.94
3.365000000000114e-10	-0.25966704	0.013360778	-0.96559846	352.1296	-0	927166.1
3.3700000000001155e-10	-0.2590703	0.012994378	-0.9657639	352.02325	-0	927322.94
3.375000000000117e-10	-0.25849593	0.012611936	-0.96592313	351.9171	-0	927479.44
3.3800000000001186e-10	-0.25794438	0.012214696	-0.96607596	351.81122	-0	927635.56
3.38500000000012e-10	-0.25741616	0.011803904	-0.96622217	351.7055	-0	927791.3
3.3900000000001217e-10	-0.25691172	0.011380821	-0.9663618	351.6	-0	927946.75
3.395000000000123e-10	-0.2564314	0.010946712	-0.96649456	351.49475	-0	928101.8
3.400000000000125e-10	-0.25597554	0.010502854	-0.96662045	351.38968	-0	928256.56
3.4050000000001263e-10	-0.2555443	0.0100505175	-0.9667397	351.28485	-0	928410.94
3.410000000000128e-10	-0.25513792	0.009590979	-0.9668517	351.18024	-0	928564.94
3.4150000000001293e-10	-0.25475648	0.009125504	-0.9669571	351.0758	-0	928718.6
3.420000000000131e-10	-0.25439996	0.0086553525	-0.96705544	350.97162	-0	928871.94
3.4250000000001324e-10	-0.25406834	0.008181767	-0.9671469	350.8676	-0	929024.94
3.430000000000134e-10	-0.2537616	0.0077059814	-0.96723163	350.76382	-0	929177.6
3.4350000000001355e-10	-0.25347948	0.007229215	-0.9673095	350.66028	-0	929329.94
3.440000000000137e-10	-0.2532219	0.0067526605	-0.96738046	350.55692	-0	929481.9
3.4450000000001385e-10	-0.25298852	0.006277487	-0.9674449	350.45377	-0	929633.5
3.45000000000014e-10	-0.25277904	0.005804847	-0.9675027	350.35083	-0	929784.75
3.4550000000001416e-10	-0.2525931	0.0053358553	-0.96755415	350.2481	-0	929935.7
3.460000000000143e-10	-0.25243023	0.004871599	-0.9675992	350.1456	-0	930086.3
3.4650000000001447e-10	-0.25229	0.0044131335	-0.96763813	350.0433	-0	930236.56
3.470000000000146e-10	-0.25217187	0.0039614798	-0.96767086	349.9412	-0	930386.5
3.475000000000148e-10	-0.2520753	0.0035176165	-0.967698	349.83932	-0	930536.1
3.4800000000001493e-10	-0.25199962	0.0030824912	-0.9677192	349.73764	-0	930685.4
3.485000000000151e-10	-0.25194424	0.0026570077	-0.967735	349.63617	-0	930834.25
3.4900000000001524e-10	-0.25190845	0.0022420264	-0.96774536	349.5349	-0	930982.9
3.495000000000154e-10	-0.25189152	0.0018383613	-0.9677507	349.43384	-0	931131.1
3.5000000000001554e-10	-0.25189266	0.001446786	-0.9677511	349.333	-0	931279.06
3.505000000000157e-10	-0.25191113	0.0010680314	-0.96774685	349.23236	-0	931426.6
3.5100000000001585e-10	-0.25194612	0.00070276886	-0.96773815	349.1319	-0	931573.9
3.51500000000016e-10	-0.25199673	0.00035162942	-0.9677251	349.03168	-0	931720.8
3.5200000000001616e-10	-0.2520621	1.5196637e-05	-0.96770823	348.93164	-0	931867.44
3.525000000000163e-10	-0.25214142	-0.00030599907	-0.9676876	348.83182	-0	932013.7
3.5300000000001646e-10	-0.2522337	-0.00061147567	-0.9676633	348.73218	-0	932159.6
3.535000000000166e-10	-0.25233808	-0.0009008023	-0.9676359	348.63278	-0	932305.25
3.5400000000001677e-10	-0.25245366	-0.0011735987	-0.9676055	348.53354	-0	932450.56
3.545000000000169e-10	-0.25257936	-0.0014295327	-0.9675723	348.43454	-0	932595.5
3.550000000000171e-10	-0.25271443	-0.0016683231	-0.9675366	348.33572	-0	932740.1
3.5550000000001723e-10	-0.25285774	-0.001889743	-0.9674986	348.23712	-0	932884.44
3.560000000000174e-10	-0.25300843	-0.002093612	-0.9674589	348.1387	-0	933028.44
3.5650000000001754e-10	-0.25316557	-0.0022798015	-0.96741724	348.0405	-0	933172.1
3.570000000000177e-10	-0.25332817	-0.0024482303	-0.9673743	347.94247	-0	933315.5
3.5750000000001784e-10	-0.25349537	-0.0025988605	-0.96733	347.84467	-0	933458.5
3.58000000000018e-10	-0.2536662	-0.0027317079	-0.9672847	347.74707	-0	933601.2
3.5850000000001815e-10	-0.25383958	-0.0028468305	-0.9672389	347.64966	-0	933743.6
3.590000000000183e-10	-0.2540148	-0.0029443386	-0.9671926	347.55243	-0	933885.7
3.5950000000001846e-10	-0.2541909	-0.003024378	-0.9671459	347.4554	-0	934027.44
3.600000000000186e-10	-0.25436708	-0.0030871374	-0.9670994	347.3586	-0	934168.9
3.6050000000001876e-10	-0.25454238	-0.0031328546	-0.96705306	347.262	-0	934310
3.610000000000189e-10	-0.25471598	-0.0031617978	-0.9670071	347.16556	-0	934450.8
3.6150000000001907e-10	-0.25488713	-0.0031742798	-0.96696186	347.06934	-0	934591.3
3.620000000000192e-10	-0.25505495	-0.0031706502	-0.9669176	346.97333	-0	934731.44
3.625000000000194e-10	-0.25521886	-0.0031512927	-0.9668743	346.87747	-0	934871.3
3.6300000000001953e-10	-0.25537795	-0.0031166163	-0.9668324	346.78186	-0	935010.9
3.635000000000197e-10	-0.25553152	-0.0030670776	-0.9667918	346.6864	-0	935150.1
3.6400000000001984e-10	-0.255679	-0.003003154	-0.96675295	346.59116	-0	935289.06
3.6450000000002e-10	-0.25581968	-0.0029253487	-0.96671575	346.4961	-0	935427.7
3.6500000000002014e-10	-0.25595298	-0.002834198	-0.9666809	346.40125	-0	935566
3.655000000000203e-10	-0.25607824	-0.0027302566	-0.96664774	346.30658	-0	935704
3.6600000000002045e-10	-0.25619504	-0.0026141065	-0.9666171	346.2121	-0	935841.7
3.665000000000206e-10	-0.25630274	-0.0024863435	-0.9665889	346.11783	-0	935979.06
3.6700000000002076e-10	-0.2564009	-0.0023475885	-0.966563	346.02374	-0	936116.2
3.675000000000209e-10	-0.25648922	-0.002198475	-0.96653986	345.92984	-0	936252.94
3.6800000000002106e-10	-0.25656715	-0.0020396519	-0.96651936	345.83615	-0	936389.4
3.685000000000212e-10	-0.25663438	-0.0018717803	-0.9665018	345.74265	-0	936525.56
3.6900000000002137e-10	-0.25669056	-0.0016955327	-0.9664871	345.64932	-0	936661.44
3.695000000000215e-10	-0.25673538	-0.0015115901	-0.96647555	345.55618	-0	936797
3.700000000000217e-10	-0.25676867	-0.0013206378	-0.9664668	345.46323	-0	936932.25
3.7050000000002183e-10	-0.25679013	-0.0011233671	-0.9664613	345.37048	-0	937067.2
3.71000000000022e-10	-0.25679967	-0.0009204701	-0.9664589	345.27792	-0	937201.9
3.7150000000002214e-10	-0.25679705	-0.0007126455	-0.9664597	345.18555	-0	937336.25
3.720000000000223e-10	-0.25678223	-0.0005005821	-0.96646374	345.09335	-0	937470.25
3.7250000000002244e-10	-0.25675514	-0.0002849708	-0.96647084	345.00137	-0	937604.06
3.730000000000226e-10	-0.25671574	-6.649687e-05	-0.9664814	344.90955	-0	937737.5
3.7350000000002275e-10	-0.25666404	0.00015416103	-0.966495	344.81793	-0	937870.7
3.740000000000229e-10	-0.25660005	0.00037633377	-0.966512	344.7265	-0	938003.5
3.7450000000002306e-10	-0.25652388	0.00059935736	-0.96653205	344.63525	-0	938136.1
3.750000000000232e-10	-0.25643557	0.0008225864	-0.9665552	344.5442	-0	938268.4
3.7550000000002336e-10	-0.25633532	0.0010453839	-0.9665816	344.4533	-0	938400.4
3.760000000000235e-10	-0.25622326	0.0012671266	-0.966611	344.36264	-0	938532.06
3.7650000000002367e-10	-0.25609964	0.001487208	-0.96664333	344.27213	-0	938663.44
3.770000000000238e-10	-0.25596455	0.0017050395	-0.9666787	344.1818	-0	938794.56
3.77500000000024e-10	-0.2558184	0.0019200519	-0.9667169	344.09167	-0	938925.4
3.7800000000002413e-10	-0.25566137	0.0021316912	-0.96675813	344.0017	-0	939055.9
3.785000000000243e-10	-0.2554938	0.0023394288	-0.9668019	343.91193	-0	939186.1
3.7900000000002444e-10	-0.25531605	0.0025427558	-0.9668482	343.82236	-0	939316.06
3.795000000000246e-10	-0.25512835	0.0027411848	-0.96689725	343.73294	-0	939445.7
3.8000000000002474e-10	-0.25493115	0.0029342552	-0.96694875	343.64374	-0	939575.06
3.805000000000249e-10	-0.25472483	0.003121529	-0.9670025	343.5547	-0	939704.1
3.8100000000002505e-10	-0.25450984	0.0033025912	-0.9670584	343.46582	-0	939832.94
3.815000000000252e-10	-0.25428653	0.0034770537	-0.9671167	343.37717	-0	939961.44
3.8200000000002536e-10	-0.25405535	0.0036445542	-0.96717685	343.28867	-0	940089.7
3.825000000000255e-10	-0.25381678	0.0038047566	-0.96723884	343.20035	-0	940217.6
3.8300000000002566e-10	-0.2535713	0.003957358	-0.9673027	343.1122	-0	940345.25
3.835000000000258e-10	-0.25331935	0.004102073	-0.9673681	343.02426	-0	940472.6
3.8400000000002597e-10	-0.25306138	0.004238655	-0.96743506	342.93646	-0	940599.7
3.845000000000261e-10	-0.25279796	0.0043668714	-0.9675034	342.84888	-0	940726.5
3.850000000000263e-10	-0.25252956	0.00448653	-0.967573	342.76147	-0	940853.06
3.8550000000002643e-10	-0.25225663	0.004597461	-0.9676436	342.67422	-0	940979.25
3.860000000000266e-10	-0.25197977	0.004699518	-0.9677154	342.58716	-0	941105.25
3.8650000000002674e-10	-0.25169942	0.004792596	-0.9677878	342.50027	-0	941230.94
3.870000000000269e-10	-0.2514161	0.0048766076	-0.9678612	342.41357	-0	941356.3
3.8750000000002704e-10	-0.25113022	0.004951488	-0.967935	342.32703	-0	941481.44
3.880000000000272e-10	-0.25084245	0.0050171996	-0.96800935	342.2407	-0	941606.3
3.8850000000002735e-10	-0.2505533	0.005073749	-0.96808404	342.1545	-0	941730.9
3.890000000000275e-10	-0.2502632	0.005121155	-0.9681589	342.0685	-0	941855.2
3.8950000000002766e-10	-0.24997266	0.005159464	-0.96823376	341.9827	-0	941979.2
3.900000000000278e-10	-0.24968195	0.0051887427	-0.96830875	341.89703	-0	942102.94
3.9050000000002796e-10	-0.24939178	0.0052090813	-0.9683834	341.81155	-0	942226.4
3.910000000000281e-10	-0.24910262	0.0052206004	-0.9684578	341.72626	-0	942349.6
3.9150000000002827e-10	-0.2488148	0.0052234405	-0.96853185	341.6411	-0	942472.5
3.920000000000284e-10	-0.24852873	0.005217761	-0.96860546	341.55618	-0	942595.2
3.925000000000286e-10	-0.24824484	0.0052037383	-0.96867836	341.4714	-0	942717.56
3.9300000000002873e-10	-0.24796364	0.0051815766	-0.9687506	341.38678	-0	942839.7
3.935000000000289e-10	-0.2476855	0.005151494	-0.9688219	341.30234	-0	942961.5
3.9400000000002904e-10	-0.24741083	0.005113737	-0.96889234	341.21808	-0	943083.06
3.945000000000292e-10	-0.24713995	0.0050685583	-0.9689618	341.134	-0	943204.4
3.9500000000002935e-10	-0.24687313	0.005016222	-0.96903014	341.05008	-0	943325.44
3.955000000000295e-10	-0.24661082	0.0049570217	-0.96909726	340.96634	-0	943446.2
3.9600000000002965e-10	-0.2463533	0.0048912545	-0.9691632	340.88275	-0	943566.7
3.965000000000298e-10	-0.24610077	0.004819231	-0.9692278	340.79935	-0	943686.94
3.9700000000002996e-10	-0.24585368	0.0047412785	-0.9692909	340.7161	-0	943806.9
3.975000000000301e-10	-0.24561207	0.0046577286	-0.9693527	340.63306	-0	943926.56
3.9800000000003027e-10	-0.24537627	0.0045689233	-0.96941286	340.55014	-0	944046
3.985000000000304e-10	-0.24514653	0.0044752127	-0.9694716	340.4674	-0	944165.2
3.9900000000003057e-10	-0.24492295	0.0043769525	-0.9695286	340.38486	-0	944284.1
3.995000000000307e-10	-0.24470578	0.0042745075	-0.9695839	340.30246	-0	944402.75
4.000000000000309e-10	-0.2444951	0.004168247	-0.9696376	340.22025	-0	944521.1
4.0050000000003103e-10	-0.24429111	0.0040585394	-0.96968955	340.13818	-0	944639.25
4.010000000000312e-10	-0.24409384	0.0039457586	-0.9697397	340.0563	-0	944757.1
4.0150000000003134e-10	-0.24390344	0.003830276	-0.96978813	339.97458	-0	944874.7
4.020000000000315e-10	-0.24371986	0.003712464	-0.96983486	339.89304	-0	944992.06
4.0250000000003165e-10	-0.24354328	0.0035926981	-0.9698796	339.81165	-0	945109.1
4.030000000000318e-10	-0.24337363	0.0034713468	-0.96992266	339.7304	-0	945225.94
4.0350000000003195e-10	-0.243211	0.0033487806	-0.96996397	339.64935	-0	945342.5
4.040000000000321e-10	-0.24305527	0.0032253559	-0.9700034	339.56848	-0	945458.8
4.0450000000003226e-10	-0.24290651	0.0031014332	-0.9700411	339.48776	-0	945574.9
4.050000000000324e-10	-0.24276455	0.0029773596	-0.9700771	339.4072	-0	945690.7
4.0550000000003257e-10	-0.24262944	0.002853481	-0.97011125	339.32678	-0	945806.25
4.060000000000327e-10	-0.24250098	0.0027301356	-0.97014374	339.24655	-0	945921.5
4.0650000000003287e-10	-0.24237917	0.0026076473	-0.97017455	339.1665	-0	946036.56
4.0700000000003303e-10	-0.2422638	0.0024863367	-0.97020376	339.08658	-0	946151.3
4.075000000000332e-10	-0.2421548	0.0023665112	-0.9702314	339.00684	-0	946265.9
4.0800000000003333e-10	-0.24205196	0.002248467	-0.9702573	338.92728	-0	946380.1
4.085000000000335e-10	-0.24195519	0.0021324886	-0.97028166	338.84784	-0	946494.1
4.0900000000003364e-10	-0.24186422	0.002018847	-0.9703046	338.7686	-0	946607.94
4.095000000000338e-10	-0.24177898	0.0019078054	-0.970326	338.68948	-0	946721.44
4.1000000000003395e-10	-0.24169916	0.0017996113	-0.9703463	338.61057	-0	946834.7
4.105000000000341e-10	-0.24162456	0.0016944937	-0.970365	338.5318	-0	946947.75
4.1100000000003425e-10	-0.24155506	0.0015926769	-0.9703825	338.4532	-0	947060.5
4.115000000000344e-10	-0.24149027	0.0014943593	-0.9703987	338.37473	-0	947173
4.1200000000003456e-10	-0.24143007	0.001399735	-0.9704139	338.29645	-0	947285.3
4.125000000000347e-10	-0.2413742	0.00130898	-0.9704279	338.21832	-0	947397.3
4.1300000000003487e-10	-0.24132231	0.0012222499	-0.9704409	338.14035	-0	947509.1
4.13500000000035e-10	-0.24127428	0.0011396916	-0.970453	338.06253	-0	947620.6
4.1400000000003517e-10	-0.2412298	0.0010614328	-0.97046417	337.9849	-0	947731.94
4.1450000000003533e-10	-0.24118856	0.0009875883	-0.9704745	337.90738	-0	947843
4.150000000000355e-10	-0.24115023	0.00091825554	-0.9704841	337.83005	-0	947953.75
4.1550000000003563e-10	-0.24111472	0.00085351465	-0.97049296	337.75287	-0	948064.3
4.160000000000358e-10	-0.24108166	0.0007934384	-0.97050124	337.67584	-0	948174.6
4.1650000000003594e-10	-0.24105084	0.0007380782	-0.97050893	337.59897	-0	948284.7
4.170000000000361e-10	-0.24102187	0.00068746926	-0.9705161	337.52228	-0	948394.56
4.1750000000003625e-10	-0.24099445	0.0006416325	-0.97052294	337.44574	-0	948504.1
4.180000000000364e-10	-0.24096838	0.0006005703	-0.97052944	337.36932	-0	948613.5
4.1850000000003655e-10	-0.24094352	0.0005642767	-0.9705356	337.2931	-0	948722.56
4.190000000000367e-10	-0.24091941	0.00053273444	-0.97054154	337.217	-0	948831.44
4.1950000000003686e-10	-0.2408959	0.0005059046	-0.9705473	337.14108	-0	948940.06
4.20000000000037e-10	-0.24087276	0.00048374332	-0.9705532	337.0653	-0	949048.44
4.2050000000003717e-10	-0.24084976	0.0004661934	-0.9705589	336.9897	-0	949156.6
4.210000000000373e-10	-0.2408266	0.00045318276	-0.9705646	336.9142	-0	949264.5
4.2150000000003747e-10	-0.24080305	0.00044462777	-0.9705704	336.83893	-0	949372.2
4.218500000000376e-10	-0.24078621	0.00044107268	-0.97057456	336.80133	0	949425.94
