# t (s)	mx ()	my ()	mz ()	T (K)	J (A/m^2)	Ms (A/m)
0	0	0	1	300	0	1.3e+06
5e-13	-0.1624537	-0.009910879	0.98666495	300.68607	2.1111338e+12	1.2991078e+06
1e-12	-0.16616738	-0.024066644	0.9858023	303.41547	3.0843415e+12	1.2955522e+06
1.5499999999999999e-12	-0.1706846	-0.04566426	0.98426545	308.08868	4.1810096e+12	1.2894419e+06
2.05e-12	-0.17500204	-0.07168203	0.9819535	316.16162	5.4535085e+12	1.2788174e+06
2.55e-12	-0.17923385	-0.10438608	0.97825104	329.07983	6.8445825e+12	1.26163e+06
3.0499999999999997e-12	-0.18302117	-0.14397928	0.97250646	348.22446	8.2659734e+12	1.235719e+06
3.5499999999999996e-12	-0.18598297	-0.19017941	0.96396947	374.4968	9.605437e+12	1.1992501e+06
4.05e-12	-0.18779255	-0.24215448	0.95188725	407.87738	1.0740301e+13	1.1512491e+06
4.55e-12	-0.18824434	-0.29851532	0.9356527	447.13712	1.1555582e+13	1.0920972e+06
5.05e-12	-0.18727842	-0.35737085	0.914989	489.8673	1.1963089e+13	1.02384006e+06
5.5499999999999996e-12	-0.18494394	-0.41644806	0.8901445	532.88617	1.191711e+13	950181.44
6.0499999999999995e-12	-0.18131399	-0.4732765	0.86204624	572.9168	1.1422856e+13	876094.3
6.549999999999999e-12	-0.17639646	-0.5254394	0.8323373	607.30176	1.0535485e+13	807044.06
7.049999999999999e-12	-0.17009579	-0.5708817	0.80321115	634.5006	9.349975e+12	747922.44
7.500000000000003e-12	-0.16314614	-0.60491216	0.77939093	654.22205	7.984404e+12	701946.9
8.000000000000011e-12	-0.15376143	-0.63447255	0.7574869	667.20483	6.560707e+12	669961
8.500000000000019e-12	-0.14261389	-0.65568435	0.74143267	674.7939	5.187223e+12	650535.7
9.000000000000027e-12	-0.12972347	-0.6694279	0.7314503	678.498	3.9463478e+12	640840.75
9.500000000000035e-12	-0.115197286	-0.6768828	0.72700685	679.6648	2.8888956e+12	637756.25
1.0000000000000043e-11	-0.09920608	-0.6792565	0.72714955	679.3224	2.0349064e+12	638662.94
1.0500000000000051e-11	-0.081961155	-0.6776265	0.73080784	678.1608	1.3792189e+12	641729.25
1.1000000000000059e-11	-0.06369345	-0.67287993	0.73698616	676.594	8.9949346e+11	645842.4
1.1500000000000067e-11	-0.044634666	-0.66570765	0.7448564	674.8458	5.644675e+11	650400.8
1.2000000000000075e-11	-0.025001759	-0.6566236	0.75378203	673.0263	3.4084428e+11	655111.56
1.2500000000000083e-11	-0.004986754	-0.64599323	0.7633032	671.18463	1.980383e+11	659845.4
1.3000000000000091e-11	0.015247295	-0.6340634	0.77310526	669.34094	1.1071806e+11	664550.7
1.3500000000000099e-11	0.035565216	-0.620993	0.78298146	667.5027	5.956126e+10	669209.1
1.4000000000000107e-11	0.055855215	-0.6068777	0.79280096	665.6725	3.0830842e+10	673815.25
1.4500000000000115e-11	0.07602302	-0.591771	0.802482	663.8511	1.5356172e+10	678368.2
1.500000000000011e-11	0.09598338	-0.5757019	0.81197333	661.85815	6.823297e+09	683315
1.55000000000001e-11	0.11565715	-0.5586854	0.8212408	659.6967	2.6705477e+09	688639.94
1.6000000000000093e-11	0.13498269	-0.5407263	0.830261	658.6209	1.636336e+09	691275.2
1.6500000000000085e-11	0.15388991	-0.52182966	0.83901525	656.4788	5.893251e+08	696492.4
1.7000000000000077e-11	0.17230198	-0.50200534	0.84748673	654.3495	2.0079598e+08	701639.94
1.750000000000007e-11	0.19015695	-0.48126054	0.8556609	653.2897	1.1479531e+08	704188.2
1.800000000000006e-11	0.20738478	-0.45960945	0.8635242	651.1794	3.5991556e+07	709234.5
1.8500000000000052e-11	0.22390933	-0.4370746	0.8710625	649.0818	1.067566e+07	714215.4
1.9000000000000044e-11	0.2396676	-0.41367692	0.8782634	648.03766	5.694569e+06	716681.75
1.9500000000000036e-11	0.25459045	-0.3894457	0.88511467	645.9588	1.5542874e+06	721567.25
2.0000000000000028e-11	0.268605	-0.36442038	0.89160407	643.89233	401346.44	726391
2.050000000000002e-11	0.2816505	-0.33863735	0.89772093	642.8638	199748.05	728780.1
2.100000000000001e-11	0.29366285	-0.31214243	0.9034551	640.8158	47462.105	733513.9
2.1500000000000003e-11	0.30457672	-0.28499162	0.90879667	638.7801	10669.132	738189.25
2.2049999999999994e-11	0.31524748	-0.25443256	0.9142089	637.7668	4954.379	740505.44
2.2549999999999986e-11	0.3236793	-0.22608313	0.91870016	635.74927	1024.8203	745095.7
2.3049999999999978e-11	0.33084595	-0.19726902	0.92277557	633.7438	200.55052	749630.56
2.354999999999997e-11	0.3367032	-0.16806133	0.92642987	632.74554	86.89223	751877.7
2.404999999999996e-11	0.34121493	-0.13852519	0.92965925	630.758	15.647083	756331.9
2.4549999999999953e-11	0.34434265	-0.108748965	0.9324603	628.78235	2.665652	760733.6
2.5049999999999945e-11	0.34605876	-0.078814134	0.93483114	627.79895	1.0776001	762915.1
2.5549999999999937e-11	0.34634167	-0.048795246	0.93677187	625.841	0.16892895	767240.1
2.604999999999993e-11	0.34517413	-0.018788137	0.93828267	623.8947	0.025053486	771515.3
2.654999999999992e-11	0.34254715	0.011119714	0.9393657	622.9259	0.009449728	773634.5
2.7049999999999912e-11	0.3384567	0.04084886	0.94002455	620.9971	0.0012896141	777836.7
2.7549999999999904e-11	0.3329077	0.07030133	0.94026333	619.0797	0.0001665014	781991.44
2.8049999999999896e-11	0.32591152	0.09938891	0.94008833	618.1253	5.8595735e-05	784051.25
2.8549999999999888e-11	0.3174821	0.1280322	0.93950665	616.22516	6.9614625e-06	788136.44
2.904999999999988e-11	0.3076467	0.15613684	0.93852663	614.3363	7.824427e-07	792176.3
2.95499999999999e-11	0.29643232	0.18362445	0.9371578	612.7705	1.2134346e-07	795509.75
3.0049999999999925e-11	0.28387722	0.21041036	0.9354108	611.21246	1.8107407e-08	798812.75
3.054999999999995e-11	0.27002382	0.23641609	0.93329734	609.66223	2.5999936e-09	802085.8
3.104999999999997e-11	0.25492004	0.261567	0.9308303	608.1197	3.592232e-10	805329.4
3.155e-11	0.23861906	0.28579226	0.9280233	606.58484	4.7756514e-11	808543.9
3.200000000000002e-11	0.22297293	0.30674827	0.9252186	605.0577	6.1090963e-12	811729.7
3.250000000000004e-11	0.20456031	0.32903615	0.92180693	603.5381	7.519647e-13	814887.3
3.300000000000007e-11	0.18512973	0.3502193	0.9181002	602.02606	8.906232e-14	818017.06
3.350000000000009e-11	0.16475023	0.37024605	0.9141151	600.5216	1.0150015e-14	821119.4
3.4000000000000115e-11	0.14349371	0.38907006	0.90986896	599.0246	1.113052e-15	824194.7
3.450000000000014e-11	0.1214344	0.40665054	0.90537995	597.53503	1.1744658e-16	827243.3
3.5000000000000163e-11	0.09864839	0.42295235	0.90066624	596.0529	1.1924533e-17	830265.7
3.550000000000019e-11	0.075213075	0.43794587	0.89574677	594.5782	1.1649801e-18	833262.06
3.600000000000021e-11	0.051206764	0.45160726	0.8906405	593.11084	1.0951454e-19	836232.9
3.6500000000000236e-11	0.026708089	0.46391845	0.8853665	591.65076	9.906064e-21	839178.44
3.700000000000026e-11	0.0017956037	0.47486624	0.87994415	590.19794	8.621972e-22	842099.1
3.7500000000000284e-11	-0.023452627	0.48444316	0.874393	588.7524	7.220847e-23	844995.25
3.800000000000031e-11	-0.048959453	0.49264663	0.8687321	587.314	5.818966e-24	847867.1
3.850000000000033e-11	-0.07464901	0.49947917	0.862981	585.8828	4.5121093e-25	850715.06
3.9000000000000356e-11	-0.10044705	0.50494754	0.8571587	584.45874	3.3665844e-26	853539.4
3.950000000000038e-11	-0.12628117	0.5090632	0.8512843	583.04175	2.4169937e-27	856340.4
4.0000000000000405e-11	-0.15208119	0.5118414	0.8453763	581.63184	1.669697e-28	859118.4
4.050000000000043e-11	-0.17777932	0.5133013	0.8394532	580.22894	1.10987965e-29	861873.6
4.100000000000045e-11	-0.20331031	0.51346546	0.83353305	578.833	7.0988866e-31	864606.5
4.150000000000048e-11	-0.22861168	0.5123597	0.8276334	577.4441	4.3689866e-32	867317.1
4.20000000000005e-11	-0.25362372	0.5100125	0.8217714	576.062	2.587303e-33	870005.94
4.2500000000000525e-11	-0.2782898	0.5064548	0.81596404	574.6869	1.474314e-34	872673.06
4.300000000000055e-11	-0.3025561	0.5017201	0.8102274	573.3186	8.083673e-36	875318.9
4.3500000000000574e-11	-0.3263719	0.4958434	0.80457735	571.9571	4.264849e-37	877943.6
4.40000000000006e-11	-0.3496896	0.48886165	0.79902923	570.6024	2.1650838e-38	880547.5
4.450000000000062e-11	-0.3724644	0.48081312	0.7935976	569.25446	1.0576e-39	883130.75
4.5000000000000646e-11	-0.39465436	0.47173712	0.78829646	567.9132	4.971e-41	885693.75
4.550000000000067e-11	-0.4162208	0.46167392	0.78313977	566.5787	2.248e-42	888236.56
4.6000000000000694e-11	-0.43712753	0.45066446	0.7781403	565.25073	9.8e-44	890759.5
4.650000000000072e-11	-0.45734093	0.43875012	0.7733105	563.92944	4e-45	893262.8
4.700000000000074e-11	-0.47683027	0.42597267	0.7686622	562.61475	0	895746.75
4.7500000000000767e-11	-0.495567	0.41237387	0.7642069	561.3066	0	898211.44
4.800000000000079e-11	-0.51352507	0.3979957	0.7599549	560.0049	0	900657.2
4.8500000000000815e-11	-0.53068036	0.38287985	0.75591666	558.7097	0	903084.2
4.900000000000084e-11	-0.54701114	0.3670678	0.75210154	557.421	0	905492.6
4.950000000000086e-11	-0.5624973	0.35060093	0.7485186	556.13873	0	907882.75
5.000000000000089e-11	-0.57712066	0.33352003	0.74517626	554.86285	0	910254.7
5.050000000000091e-11	-0.59086454	0.3158657	0.7420822	553.59326	0	912608.75
5.1000000000000935e-11	-0.6037138	0.2976779	0.739244	552.33	0	914945.06
5.150000000000096e-11	-0.61565465	0.27899638	0.7366682	551.0731	0	917263.8
5.2000000000000984e-11	-0.6266746	0.25986034	0.7343611	549.82245	0	919565.2
5.250000000000101e-11	-0.6367622	0.2403086	0.73232836	548.578	0	921849.44
5.300000000000103e-11	-0.64590704	0.22037953	0.730575	547.3397	0	924116.7
5.3500000000001056e-11	-0.6540997	0.20011131	0.7291058	546.10767	0	926367.1
5.400000000000108e-11	-0.66133136	0.17954172	0.72792476	544.8817	0	928600.94
5.4500000000001104e-11	-0.6675943	0.15870838	0.72703546	543.6619	0	930818.3
5.500000000000113e-11	-0.67288107	0.13764876	0.72644097	542.4481	0	933019.44
5.550000000000115e-11	-0.6771854	0.116400264	0.72614366	541.2404	0	935204.44
5.6000000000001177e-11	-0.68050104	0.09500037	0.72614557	540.03876	0	937373.5
5.65000000000012e-11	-0.68282276	0.073486604	0.7264481	538.843	0	939526.75
5.7000000000001225e-11	-0.6841456	0.05189679	0.7270522	537.65326	0	941664.44
5.750000000000125e-11	-0.68446547	0.030269016	0.7279582	536.4695	0	943786.6
5.800000000000127e-11	-0.68377876	0.008641814	0.72916573	535.2915	0	945893.56
5.85000000000013e-11	-0.68208236	-0.012945764	0.7306742	534.11945	0	947985.3
5.900000000000132e-11	-0.6793739	-0.03445404	0.73248225	532.95325	0	950062.1
5.950000000000135e-11	-0.675652	-0.05584263	0.73458797	531.79285	0	952124.06
6.000000000000137e-11	-0.670916	-0.07707034	0.73698866	530.6382	0	954171.3
6.05000000000014e-11	-0.66516626	-0.09809508	0.73968124	529.4893	0	956204
6.100000000000142e-11	-0.658404	-0.1188738	0.742662	528.3462	0	958222.3
6.150000000000144e-11	-0.65063196	-0.13936242	0.7459264	527.2087	0	960226.3
6.200000000000147e-11	-0.6418541	-0.1595158	0.74946946	526.0769	0	962216.25
6.250000000000149e-11	-0.63207597	-0.17928761	0.75328517	524.95074	0	964192.1
6.300000000000151e-11	-0.621305	-0.19863053	0.75736713	523.8302	0	966154.2
6.350000000000154e-11	-0.6095503	-0.21749593	0.76170826	522.7152	0	968102.56
6.400000000000156e-11	-0.59682333	-0.23583418	0.76630044	521.60583	0	970037.3
6.450000000000159e-11	-0.58313775	-0.25359452	0.7711352	520.5019	0	971958.56
6.500000000000161e-11	-0.5685101	-0.27072522	0.776203	519.4035	0	973866.56
6.550000000000163e-11	-0.5529595	-0.28717366	0.7814936	518.3106	0	975761.3
6.600000000000166e-11	-0.5365084	-0.30288637	0.78699577	517.22314	0	977643
6.650000000000168e-11	-0.5191821	-0.31780934	0.79269814	516.1411	0	979511.7
6.700000000000171e-11	-0.50101006	-0.3318882	0.7985878	515.0644	0	981367.56
6.750000000000173e-11	-0.48202524	-0.34506825	0.8046515	513.9931	0	983210.7
6.800000000000176e-11	-0.46226457	-0.357295	0.81087506	512.9271	0	985041.25
6.850000000000178e-11	-0.44176933	-0.36851427	0.81724346	511.8665	0	986859.3
6.90000000000018e-11	-0.4205852	-0.37867266	0.823741	510.81113	0	988664.94
6.950000000000183e-11	-0.39876226	-0.3877178	0.83035135	509.76102	0	990458.4
7.000000000000185e-11	-0.3763556	-0.3955991	0.83705705	508.71613	0	992239.6
7.050000000000188e-11	-0.35342482	-0.40226758	0.8438403	507.67645	0	994008.9
7.10000000000019e-11	-0.3300344	-0.4076769	0.85068274	506.64194	0	995766.2
7.150000000000192e-11	-0.3062539	-0.41178375	0.85756516	505.61258	0	997511.6
7.200000000000195e-11	-0.28215742	-0.41454825	0.864468	504.58838	0	999245.4
7.250000000000197e-11	-0.2578238	-0.4159344	0.87137103	503.56924	0	1.0009675e+06
7.3000000000002e-11	-0.2333364	-0.41591105	0.87825376	502.5552	0	1.0026781e+06
7.350000000000202e-11	-0.20878285	-0.41445208	0.88509524	501.5462	0	1.0043773e+06
7.400000000000205e-11	-0.18425469	-0.41153702	0.8918747	500.54227	0	1.0060652e+06
7.450000000000207e-11	-0.15984707	-0.4071518	0.89857054	499.54327	0	1.0077419e+06
7.500000000000209e-11	-0.13565822	-0.4012889	0.90516186	498.54932	0	1.00940744e+06
7.550000000000212e-11	-0.11178896	-0.3939483	0.91162735	497.56027	0	1.01106194e+06
7.600000000000214e-11	-0.08834203	-0.38513762	0.9179461	496.57614	0	1.01270556e+06
7.650000000000217e-11	-0.065421544	-0.37487242	0.9240976	495.59695	0	1.0143384e+06
7.700000000000219e-11	-0.043132145	-0.3631768	0.93006116	494.62262	0	1.0159604e+06
7.750000000000221e-11	-0.02157826	-0.35008353	0.93581766	493.65314	0	1.0175718e+06
7.800000000000224e-11	-0.00086327665	-0.33563405	0.94134796	492.6885	0	1.0191726e+06
7.850000000000226e-11	0.018911343	-0.31987885	0.94663393	491.72867	0	1.020763e+06
7.900000000000229e-11	0.037646983	-0.30287722	0.9516585	490.7736	0	1.022343e+06
7.950000000000231e-11	0.05524871	-0.28469718	0.9564052	489.8233	0	1.02391275e+06
8.000000000000233e-11	0.07162629	-0.26541522	0.9608596	488.87772	0	1.02547225e+06
8.050000000000236e-11	0.08669499	-0.245116	0.9650079	487.93686	0	1.0270216e+06
8.100000000000238e-11	0.100376494	-0.22389197	0.9688378	487.0007	0	1.02856094e+06
8.150000000000241e-11	0.112599716	-0.2018425	0.9723387	486.06918	0	1.0300904e+06
8.200000000000243e-11	0.12330158	-0.17907368	0.9755014	485.1423	0	1.0316099e+06
8.250000000000246e-11	0.13242765	-0.15569709	0.9783186	484.22006	0	1.0331196e+06
8.300000000000248e-11	0.1399328	-0.13182932	0.9807843	483.3024	0	1.0346197e+06
8.35000000000025e-11	0.14578171	-0.107590966	0.9828948	482.3893	0	1.03611006e+06
8.400000000000253e-11	0.14994928	-0.08310552	0.98464763	481.48077	0	1.03759094e+06
8.450000000000255e-11	0.1524208	-0.058498546	0.98604256	480.57678	0	1.0390623e+06
8.500000000000258e-11	0.15319236	-0.033896554	0.987081	479.67725	0	1.0405243e+06
8.55000000000026e-11	0.15227069	-0.009425937	0.98776627	478.78223	0	1.041977e+06
8.600000000000262e-11	0.14967316	0.0147880325	0.98810303	477.89166	0	1.04342044e+06
8.650000000000265e-11	0.1454276	0.038622275	0.98809844	477.00552	0	1.0448547e+06
8.700000000000267e-11	0.13957201	0.061956886	0.9877605	476.1238	0	1.0462799e+06
8.75000000000027e-11	0.13215408	0.08467606	0.98709935	475.2465	0	1.047696e+06
8.800000000000272e-11	0.12323074	0.106668994	0.98612654	474.37354	0	1.0491032e+06
8.850000000000274e-11	0.11286758	0.12783073	0.98485494	473.5049	0	1.0505015e+06
8.900000000000277e-11	0.10113805	0.1480628	0.9832988	472.64062	0	1.051891e+06
8.950000000000279e-11	0.0881228	0.16727394	0.9814735	471.78064	0	1.0532718e+06
9.000000000000282e-11	0.07390892	0.18538062	0.9793956	470.92496	0	1.0546439e+06
9.050000000000284e-11	0.05858903	0.20230739	0.9770829	470.07352	0	1.0560074e+06
9.100000000000287e-11	0.042260416	0.21798734	0.9745536	469.22635	0	1.0573622e+06
9.150000000000289e-11	0.025024224	0.23236227	0.97182673	468.38336	0	1.0587088e+06
9.200000000000291e-11	0.0069845533	0.24538276	0.96892214	467.5446	0	1.0600469e+06
9.250000000000294e-11	-0.011752403	0.25700846	0.9658601	466.71002	0	1.0613765e+06
9.300000000000296e-11	-0.031079173	0.26720768	0.9626611	465.87958	0	1.062698e+06
9.350000000000299e-11	-0.050887782	0.27595758	0.959346	465.05328	0	1.0640112e+06
9.400000000000301e-11	-0.07107054	0.28324378	0.9559355	464.23108	0	1.0653164e+06
9.450000000000303e-11	-0.091520704	0.28906015	0.9524507	463.413	0	1.0666134e+06
9.500000000000306e-11	-0.11213314	0.29340842	0.9489123	462.599	0	1.0679024e+06
9.550000000000308e-11	-0.13280493	0.29629794	0.94534093	461.78903	0	1.0691834e+06
9.60000000000031e-11	-0.15343583	0.29774514	0.9417569	460.98312	0	1.0704565e+06
9.650000000000313e-11	-0.17392881	0.2977732	0.93818	460.1812	0	1.0717218e+06
9.700000000000315e-11	-0.19419037	0.29641148	0.9346297	459.3833	0	1.0729792e+06
9.750000000000318e-11	-0.21413095	0.2936951	0.93112475	458.58936	0	1.074229e+06
9.80000000000032e-11	-0.2336652	0.2896644	0.92768353	457.79938	0	1.0754711e+06
9.850000000000323e-11	-0.25271213	0.28436455	0.9243234	457.01334	0	1.0767056e+06
9.900000000000325e-11	-0.27119535	0.2778451	0.9210613	456.2312	0	1.0779325e+06
9.950000000000328e-11	-0.28904322	0.27015933	0.9179129	455.45297	0	1.079152e+06
1.000000000000033e-10	-0.30618876	0.26136413	0.91489375	454.6786	0	1.080364e+06
1.0050000000000332e-10	-0.3225699	0.25151923	0.91201806	453.9081	0	1.0815686e+06
1.0100000000000335e-10	-0.3381294	0.24068706	0.9092989	453.14145	0	1.0827659e+06
1.0150000000000337e-10	-0.35281476	0.22893226	0.90674907	452.3786	0	1.0839559e+06
1.020000000000034e-10	-0.36657837	0.21632148	0.9043799	451.61954	0	1.0851386e+06
1.0250000000000342e-10	-0.3793771	0.20292284	0.9022018	450.8643	0	1.0863142e+06
1.0300000000000344e-10	-0.3911726	0.18880582	0.90022445	450.11276	0	1.0874828e+06
1.0350000000000347e-10	-0.40193105	0.174041	0.8984563	449.36502	0	1.0886442e+06
1.0400000000000349e-10	-0.41162297	0.15869969	0.8969046	448.62097	0	1.0897986e+06
1.0450000000000352e-10	-0.42022324	0.14285387	0.8955761	447.88065	0	1.0909461e+06
1.0500000000000354e-10	-0.4277111	0.12657592	0.8944761	447.144	0	1.0920866e+06
1.0550000000000356e-10	-0.43406984	0.10993848	0.893609	446.41104	0	1.0932204e+06
1.0600000000000359e-10	-0.4392869	0.093014285	0.8929783	445.68173	0	1.0943471e+06
1.0650000000000361e-10	-0.4433536	0.075876035	0.89258593	444.95605	0	1.0954672e+06
1.0700000000000364e-10	-0.4462653	0.05859626	0.89243364	444.23398	0	1.0965806e+06
1.0750000000000366e-10	-0.44802132	0.041247196	0.8925216	443.5155	0	1.0976874e+06
1.0800000000000369e-10	-0.4486246	0.02390071	0.8928491	442.8006	0	1.0987875e+06
1.0850000000000371e-10	-0.44808218	0.006628146	0.89341444	442.08926	0	1.099881e+06
1.0900000000000373e-10	-0.4464046	-0.010499791	0.89421475	441.38147	0	1.100968e+06
1.0950000000000376e-10	-0.4436064	-0.027413124	0.8952464	440.67722	0	1.1020485e+06
1.1000000000000378e-10	-0.43970582	-0.044042755	0.8965048	439.97644	0	1.1031226e+06
1.105000000000038e-10	-0.43472496	-0.060320575	0.8979844	439.27917	0	1.1041904e+06
1.1100000000000383e-10	-0.42868966	-0.07617963	0.89967823	438.5854	0	1.1052518e+06
1.1150000000000385e-10	-0.42162958	-0.09155428	0.9015792	437.89505	0	1.1063068e+06
1.1200000000000388e-10	-0.41357824	-0.1063804	0.903679	437.20816	0	1.1073556e+06
1.125000000000039e-10	-0.4045731	-0.120595545	0.90596795	436.5247	0	1.1083982e+06
1.1300000000000393e-10	-0.3946555	-0.13413912	0.9084364	435.8446	0	1.1094346e+06
1.1350000000000395e-10	-0.38387036	-0.14695275	0.9110734	435.16794	0	1.110465e+06
1.1400000000000397e-10	-0.37226677	-0.15898035	0.91386706	434.4946	0	1.1114892e+06
1.14500000000004e-10	-0.35989746	-0.1701686	0.91680515	433.82465	0	1.1125074e+06
1.1500000000000402e-10	-0.34681907	-0.180467	0.91987437	433.15802	0	1.1135196e+06
1.1550000000000405e-10	-0.33309177	-0.18982838	0.92306155	432.49472	0	1.1145259e+06
1.1600000000000407e-10	-0.31877935	-0.19820912	0.926352	431.83472	0	1.1155261e+06
1.1650000000000407e-10	-0.30394906	-0.20556945	0.92973095	431.178	0	1.1165206e+06
1.1700000000000396e-10	-0.28867218	-0.21187308	0.93318325	430.78568	0	1.1171144e+06
1.1750000000000386e-10	-0.27302134	-0.21709017	0.93669313	430.00446	0	1.1182955e+06
1.1800000000000375e-10	-0.2570736	-0.22119378	0.9402448	429.22794	0	1.1194684e+06
1.1850000000000365e-10	-0.24090706	-0.22416392	0.94382167	428.8414	0	1.1200518e+06
1.1900000000000354e-10	-0.22460257	-0.22598511	0.94740784	428.07184	0	1.1212124e+06
1.1950000000000344e-10	-0.20824385	-0.22664711	0.9509864	427.30685	0	1.1223649e+06
1.2000000000000333e-10	-0.19191408	-0.22614712	0.9545413	426.92606	0	1.1229381e+06
1.2050000000000323e-10	-0.17569822	-0.22448777	0.95805615	426.1679	0	1.1240785e+06
1.2100000000000312e-10	-0.15968253	-0.22167787	0.9615147	425.4143	0	1.1252109e+06
1.2150000000000302e-10	-0.14395125	-0.21773377	0.96490115	425.03918	0	1.1257742e+06
1.2200000000000291e-10	-0.12858887	-0.21267802	0.9682001	424.29233	0	1.1268949e+06
1.225000000000028e-10	-0.113679275	-0.20653956	0.9713966	423.5499	0	1.1280076e+06
1.230000000000027e-10	-0.099302806	-0.19935484	0.9744764	423.18036	0	1.1285612e+06
1.235000000000026e-10	-0.085538104	-0.19116655	0.9774256	422.44458	0	1.1296625e+06
1.240000000000025e-10	-0.07246128	-0.1820236	0.9802314	421.71323	0	1.1307561e+06
1.245000000000024e-10	-0.060143165	-0.17198168	0.98288167	421.34918	0	1.1313e+06
1.2500000000000228e-10	-0.048650976	-0.16110212	0.98536515	420.62433	0	1.1323824e+06
1.2550000000000218e-10	-0.038047466	-0.14945179	0.987672	419.90384	0	1.1334571e+06
1.2600000000000207e-10	-0.028388668	-0.13710296	0.9897928	419.5452	0	1.1339918e+06
1.2650000000000197e-10	-0.019725196	-0.124132395	0.99172014	418.83115	0	1.1350554e+06
1.2700000000000186e-10	-0.012101575	-0.110620975	0.9934467	418.12137	0	1.1361118e+06
1.2750000000000176e-10	-0.0055545215	-0.0966532	0.9949673	417.76804	0	1.1366371e+06
1.2800000000000165e-10	-0.00011404493	-0.08231634	0.99627763	417.0646	0	1.1376826e+06
1.2850000000000155e-10	0.00419712	-0.067699865	0.99737483	416.36536	0	1.1387208e+06
1.2900000000000144e-10	0.0073644905	-0.052894715	0.998257	416.0173	0	1.1392372e+06
1.2950000000000134e-10	0.009381013	-0.037992567	0.9989238	415.32434	0	1.1402648e+06
1.3000000000000123e-10	0.01024739	-0.02308514	0.9993762	414.6355	0	1.1412852e+06
1.3050000000000113e-10	0.009972345	-0.008263339	0.99961674	414.2926	0	1.1417929e+06
1.3100000000000102e-10	0.008572043	0.0063833366	0.9996483	413.60992	0	1.1428029e+06
1.3150000000000092e-10	0.0060701654	0.020767525	0.999476	412.93134	0	1.143806e+06
1.320000000000008e-10	0.0024974993	0.03480475	0.9991056	412.59354	0	1.144305e+06
1.325000000000007e-10	-0.002108397	0.048413943	0.99854374	411.92102	0	1.1452978e+06
1.330000000000006e-10	-0.007703347	0.06151812	0.9977988	411.2525	0	1.1462838e+06
1.335000000000005e-10	-0.014237557	0.074044816	0.99687946	410.91974	0	1.1467742e+06
1.340000000000004e-10	-0.021655677	0.08592664	0.99579555	410.2572	0	1.1477502e+06
1.3450000000000029e-10	-0.029897163	0.097101755	0.9945579	409.59863	0	1.1487196e+06
1.3500000000000018e-10	-0.038897693	0.107513934	0.99317783	409.2708	0	1.1492018e+06
1.3550000000000007e-10	-0.048588984	0.11711308	0.9916673	408.61813	0	1.1501611e+06
1.3604999999999996e-10	-0.059961632	0.1266813	0.9898703	407.96933	0	1.1511141e+06
1.3654999999999985e-10	-0.070867464	0.13443883	0.98812735	407.6464	0	1.1515881e+06
1.3704999999999975e-10	-0.08223567	0.14126852	0.9862945	407.00342	0	1.1525314e+06
1.3754999999999964e-10	-0.0939883	0.14714736	0.9843855	406.36426	0	1.1534681e+06
1.3804999999999954e-10	-0.10604742	0.1520583	0.9824139	406.04614	0	1.1539341e+06
1.3854999999999943e-10	-0.11833605	0.15598996	0.9803939	405.41272	0	1.1548615e+06
1.3904999999999933e-10	-0.13077584	0.15893868	0.9783394	404.78305	0	1.1557825e+06
1.3954999999999922e-10	-0.14329022	0.16090621	0.9762641	404.46967	0	1.1562408e+06
1.4004999999999912e-10	-0.15580495	0.16189913	0.974182	403.84564	0	1.1571524e+06
1.4054999999999901e-10	-0.16824591	0.16193154	0.97210646	403.22537	0	1.158058e+06
1.410499999999989e-10	-0.18054199	0.16102195	0.9700506	402.91663	0	1.1585085e+06
1.415499999999988e-10	-0.19262558	0.15919262	0.9680268	402.30188	0	1.1594049e+06
1.420499999999987e-10	-0.20443031	0.15647295	0.96604806	401.69083	0	1.1602952e+06
1.425499999999986e-10	-0.21589369	0.15289542	0.96412563	401.38666	0	1.1607381e+06
1.430499999999985e-10	-0.22695754	0.14849527	0.9622711	400.78107	0	1.1616195e+06
1.4354999999999838e-10	-0.23756568	0.14331402	0.960495	400.1791	0	1.162495e+06
1.4404999999999828e-10	-0.24766654	0.13739526	0.9588073	399.87946	0	1.1629305e+06
1.4454999999999817e-10	-0.257213	0.13078403	0.9572173	399.28287	0	1.1637972e+06
1.4504999999999807e-10	-0.2661608	0.12353097	0.95573354	398.68985	0	1.164658e+06
1.4554999999999796e-10	-0.27447045	0.115687616	0.9543638	398.39465	0	1.1650862e+06
1.4604999999999786e-10	-0.28210703	0.10730593	0.9531155	397.80695	0	1.1659385e+06
1.4654999999999775e-10	-0.28903884	0.098442644	0.9519947	397.22272	0	1.166785e+06
1.4704999999999765e-10	-0.29523906	0.08915441	0.9510067	396.93192	0	1.1672061e+06
1.4754999999999754e-10	-0.30068535	0.07949726	0.95015633	396.35294	0	1.1680441e+06
1.4804999999999744e-10	-0.30535892	0.06953139	0.9494473	395.7774	0	1.1688765e+06
1.4854999999999733e-10	-0.30924556	0.059315868	0.9488826	395.49094	0	1.1692906e+06
1.4904999999999723e-10	-0.31233537	0.048908424	0.94846404	394.92056	0	1.1701148e+06
1.4954999999999712e-10	-0.31462234	0.03837014	0.94819343	394.35358	0	1.1709334e+06
1.5004999999999702e-10	-0.31610474	0.027760234	0.9480709	394.07138	0	1.1713406e+06
1.505499999999969e-10	-0.31678477	0.017135834	0.94809604	393.5095	0	1.172151e+06
1.510499999999968e-10	-0.3166686	0.0065567037	0.94826776	392.95093	0	1.172956e+06
1.515499999999967e-10	-0.31576657	-0.0039199525	0.94858396	392.6729	0	1.1733565e+06
1.520499999999966e-10	-0.3140923	-0.014239649	0.94904196	392.1194	0	1.1741535e+06
1.525499999999965e-10	-0.31166375	-0.024346035	0.9496382	391.56912	0	1.1749452e+06
1.5304999999999639e-10	-0.30850238	-0.03418594	0.95036834	391.29526	0	1.1753391e+06
1.5354999999999628e-10	-0.30463272	-0.04370949	0.95122766	390.74994	0	1.176123e+06
1.5404999999999617e-10	-0.30008355	-0.052865762	0.95221007	390.2079	0	1.1769016e+06
1.5454999999999607e-10	-0.2948866	-0.06160756	0.9533096	389.93805	0	1.177289e+06
1.5504999999999596e-10	-0.2890763	-0.069891565	0.9545193	389.40085	0	1.1780599e+06
1.5554999999999586e-10	-0.28269106	-0.0776742	0.95583165	388.86685	0	1.1788258e+06
1.5604999999999575e-10	-0.27577177	-0.08491621	0.9572387	388.60104	0	1.1792068e+06
1.5654999999999565e-10	-0.26836142	-0.09158268	0.9587318	388.0718	0	1.1799649e+06
1.5704999999999554e-10	-0.2605067	-0.097639285	0.9603022	387.54575	0	1.1807181e+06
1.5754999999999544e-10	-0.25225598	-0.10305652	0.96194077	387.2839	0	1.1810929e+06
1.5804999999999533e-10	-0.24365906	-0.10780964	0.9636375	386.76254	0	1.1818386e+06
1.5854999999999523e-10	-0.23476899	-0.11187534	0.9653828	386.24432	0	1.1825795e+06
1.5904999999999512e-10	-0.22563961	-0.11523547	0.9671665	385.98636	0	1.1829481e+06
1.5954999999999502e-10	-0.21632545	-0.117877	0.9689783	385.47275	0	1.1836816e+06
1.6004999999999491e-10	-0.20688334	-0.119789064	0.97080773	384.96222	0	1.1844102e+06
1.605499999999948e-10	-0.19737016	-0.12096615	0.9726446	384.70807	0	1.1847729e+06
1.610499999999947e-10	-0.18784238	-0.12140801	0.9744784	384.20212	0	1.1854944e+06
1.615499999999946e-10	-0.17835782	-0.12111709	0.97629905	383.69916	0	1.1862111e+06
1.620499999999945e-10	-0.16897339	-0.12010126	0.9780962	383.44882	0	1.1865678e+06
1.625499999999944e-10	-0.15974438	-0.11837353	0.97986007	382.95038	0	1.1872775e+06
1.6304999999999428e-10	-0.15072651	-0.11594985	0.9815811	382.4549	0	1.1879825e+06
1.6354999999999418e-10	-0.14197323	-0.11285133	0.9832499	382.20828	0	1.1883332e+06
1.6404999999999407e-10	-0.13353562	-0.10910395	0.9848577	381.71722	0	1.1890314e+06
1.6454999999999397e-10	-0.12546372	-0.10473648	0.98639584	381.22913	0	1.189725e+06
1.6504999999999386e-10	-0.11780433	-0.0997823	0.9878568	380.98618	0	1.19007e+06
1.6554999999999376e-10	-0.11060096	-0.094278954	0.9892329	380.50244	0	1.1907569e+06
1.6604999999999365e-10	-0.10389482	-0.08826646	0.99051756	380.02158	0	1.1914391e+06
1.6654999999999355e-10	-0.09772307	-0.08178849	0.9917047	379.78223	0	1.1917785e+06
1.6704999999999344e-10	-0.0921187	-0.07489199	0.9927889	379.3057	0	1.1924541e+06
1.6754999999999334e-10	-0.087111406	-0.06762558	0.99376523	378.83197	0	1.1931252e+06
1.6804999999999323e-10	-0.08272624	-0.06004047	0.99463016	378.5962	0	1.1934592e+06
1.6854999999999313e-10	-0.07898349	-0.05218992	0.99538016	378.12674	0	1.1941238e+06
1.6904999999999302e-10	-0.07589951	-0.04412788	0.99601305	377.66006	0	1.194784e+06
1.6954999999999292e-10	-0.07348558	-0.035909574	0.99652714	377.4278	0	1.1951126e+06
1.700499999999928e-10	-0.071748145	-0.027591038	0.9969214	376.9653	0	1.1957664e+06
1.705499999999927e-10	-0.07068925	-0.019227777	0.99719596	376.50558	0	1.196416e+06
1.710499999999926e-10	-0.07030602	-0.010875241	0.9973516	376.27676	0	1.1967391e+06
1.715499999999925e-10	-0.07059086	-0.0025884325	0.9973898	375.82114	0	1.1973824e+06
1.720499999999924e-10	-0.07153185	0.0055794334	0.9973126	375.36826	0	1.1980214e+06
1.7254999999999229e-10	-0.07311254	0.013576413	0.9971232	375.14282	0	1.1983394e+06
1.7304999999999218e-10	-0.075312346	0.021352176	0.9968252	374.694	0	1.1989722e+06
1.7354999999999207e-10	-0.07810669	0.028859323	0.9964228	374.24783	0	1.1996009e+06
1.7404999999999197e-10	-0.081467256	0.03605276	0.99592096	374.02576	0	1.1999138e+06
1.7454999999999186e-10	-0.085362434	0.042889923	0.995325	373.5836	0	1.2005364e+06
1.7504999999999176e-10	-0.08975726	0.04933214	0.99464124	373.14407	0	1.2011549e+06
1.7554999999999165e-10	-0.094614066	0.05534378	0.9938757	372.9253	0	1.2014626e+06
1.7604999999999155e-10	-0.0998929	0.060892392	0.9930354	372.48972	0	1.2020752e+06
1.7654999999999144e-10	-0.10555131	0.06595005	0.99212784	372.0567	0	1.2026838e+06
1.7704999999999134e-10	-0.11154528	0.07049234	0.9911601	371.8412	0	1.2029866e+06
1.7754999999999123e-10	-0.117829636	0.07449828	0.99014026	371.41208	0	1.2035892e+06
1.7804999999999113e-10	-0.12435766	0.07795183	0.9890762	370.98553	0	1.2041881e+06
1.7854999999999102e-10	-0.13108219	0.080840535	0.98797584	370.7732	0	1.204486e+06
1.7904999999999092e-10	-0.13795601	0.08315535	0.9868478	370.35046	0	1.205079e+06
1.7954999999999081e-10	-0.14493133	0.08489227	0.98569983	369.93027	0	1.2056681e+06
1.800499999999907e-10	-0.15196098	0.08605068	0.9845404	369.7211	0	1.2059614e+06
1.805499999999906e-10	-0.1589987	0.08663305	0.9833775	369.30466	0	1.2065448e+06
1.810499999999905e-10	-0.16599855	0.08664678	0.9822192	368.8907	0	1.2071245e+06
1.815499999999904e-10	-0.17291616	0.08610219	0.981073	368.68463	0	1.2074129e+06
1.820499999999903e-10	-0.17970873	0.08501219	0.97994685	368.27435	0	1.207987e+06
1.8254999999999018e-10	-0.18633482	0.083394304	0.9788477	367.86655	0	1.2085574e+06
1.8304999999999008e-10	-0.19275498	0.08126834	0.9777827	367.66357	0	1.2088412e+06
1.8354999999998997e-10	-0.1989322	0.07865611	0.9767586	367.2594	0	1.2094061e+06
1.8404999999998987e-10	-0.20483124	0.07558347	0.9757813	366.85767	0	1.2099674e+06
1.8454999999998976e-10	-0.2104196	0.072077945	0.97485703	366.65768	0	1.2102466e+06
1.8504999999998966e-10	-0.2156673	0.0681683	0.9739908	366.25952	0	1.2108025e+06
1.8554999999998955e-10	-0.22054695	0.06388683	0.9731878	365.86374	0	1.2113549e+06
1.8604999999998945e-10	-0.22503394	0.059266694	0.97245264	365.66675	0	1.2116296e+06
1.8654999999998934e-10	-0.22910663	0.054341644	0.971789	365.2745	0	1.2121766e+06
1.8704999999998924e-10	-0.2327461	0.049148306	0.97120047	364.8846	0	1.2127201e+06
1.8754999999998913e-10	-0.23593646	0.043723427	0.97068983	364.69055	0	1.2129905e+06
1.8804999999998903e-10	-0.23866488	0.03810368	0.9702596	364.30414	0	1.2135288e+06
1.8854999999998892e-10	-0.2409214	0.032327943	0.96991146	363.92004	0	1.2140635e+06
1.8904999999998882e-10	-0.242699	0.026434565	0.96964693	363.72888	0	1.2143296e+06
1.895499999999887e-10	-0.24399379	0.02046112	0.96946657	363.3482	0	1.2148592e+06
1.900499999999886e-10	-0.24480468	0.014446765	0.9693706	362.96982	0	1.2153855e+06
1.905499999999885e-10	-0.2451336	0.008429474	0.96935874	362.7815	0	1.2156474e+06
1.910499999999884e-10	-0.24498513	0.002445866	0.9694303	362.4065	0	1.2161686e+06
1.915499999999883e-10	-0.24436687	-0.0034665018	0.9695837	362.03372	0	1.2166865e+06
1.9204999999998819e-10	-0.24328901	-0.009271836	0.96981704	361.84818	0	1.2169442e+06
1.9254999999998808e-10	-0.24176426	-0.01493625	0.9701283	361.47876	0	1.2174571e+06
1.9304999999998798e-10	-0.23980802	-0.020425506	0.9705145	361.11154	0	1.2179668e+06
1.9354999999998787e-10	-0.23743811	-0.02570766	0.9709722	360.92874	0	1.2182204e+06
1.9404999999998776e-10	-0.23467438	-0.030753136	0.9714983	360.56482	0	1.2187251e+06
1.9454999999998766e-10	-0.23153917	-0.035532583	0.9720883	360.20303	0	1.2192266e+06
1.9504999999998755e-10	-0.22805677	-0.040019378	0.97273797	360.02298	0	1.2194762e+06
1.9554999999998745e-10	-0.22425303	-0.04418967	0.9734429	359.66446	0	1.219973e+06
1.9604999999998734e-10	-0.22015595	-0.048020348	0.9741977	359.30807	0	1.2204666e+06
1.9654999999998724e-10	-0.21579492	-0.051491357	0.97499716	359.13068	0	1.2207122e+06
1.9704999999998713e-10	-0.21120045	-0.05458575	0.9758359	358.7775	0	1.2212011e+06
1.9754999999998703e-10	-0.2064046	-0.05728773	0.9767084	358.4264	0	1.2216869e+06
1.9804999999998692e-10	-0.20144026	-0.059584804	0.97760874	358.25165	0	1.2219286e+06
1.9854999999998682e-10	-0.19634081	-0.061467744	0.97853076	357.90372	0	1.2224098e+06
1.9904999999998671e-10	-0.19114079	-0.06292883	0.97946864	357.55783	0	1.2228878e+06
1.995499999999866e-10	-0.18587466	-0.06396374	0.9804164	357.38568	0	1.2231256e+06
2.000499999999865e-10	-0.18057683	-0.06457148	0.9813681	357.0429	0	1.2235991e+06
2.005499999999864e-10	-0.17528223	-0.064752705	0.9823175	356.70218	0	1.2240698e+06
2.010499999999863e-10	-0.17002504	-0.06451145	0.9832587	356.5326	0	1.2243039e+06
2.015499999999862e-10	-0.16483875	-0.06385497	0.9841861	356.19492	0	1.2247699e+06
2.0204999999998608e-10	-0.15975657	-0.0627922	0.985094	355.85925	0	1.2252329e+06
2.0254999999998598e-10	-0.15481041	-0.0613352	0.98597693	355.69217	0	1.2254634e+06
2.0304999999998587e-10	-0.15003084	-0.059499033	0.98682976	355.35953	0	1.225922e+06
2.0354999999998577e-10	-0.14544739	-0.057300214	0.98764765	355.02887	0	1.2263778e+06
2.0404999999998566e-10	-0.14108782	-0.054758057	0.98842573	354.86426	0	1.2266046e+06
2.0454999999998556e-10	-0.1369778	-0.05189439	0.98915976	354.53656	0	1.227056e+06
2.0504999999998545e-10	-0.13314158	-0.048732217	0.98984593	354.21082	0	1.2275046e+06
2.0554999999998535e-10	-0.12960097	-0.045296747	0.9904805	354.04865	0	1.2277278e+06
2.0604999999998524e-10	-0.1263753	-0.041615184	0.9910603	353.72583	0	1.2281721e+06
2.0654999999998514e-10	-0.123482004	-0.037715364	0.9915825	353.4049	0	1.2286136e+06
2.0704999999998503e-10	-0.120935686	-0.0336267	0.9920447	353.24518	0	1.2288334e+06
2.0754999999998493e-10	-0.11874832	-0.029379927	0.99244523	352.92712	0	1.2292706e+06
2.0804999999998482e-10	-0.116929464	-0.025005786	0.99278235	352.611	0	1.2297051e+06
2.0854999999998472e-10	-0.11548584	-0.020535892	0.9930551	352.45364	0	1.2299214e+06
2.090499999999846e-10	-0.11442137	-0.016002417	0.99326295	352.14032	0	1.2303519e+06
2.095499999999845e-10	-0.11373747	-0.01143691	0.99340564	351.8289	0	1.2307796e+06
2.100499999999844e-10	-0.113432735	-0.006871036	0.9934836	351.67386	0	1.2309924e+06
2.105499999999843e-10	-0.11350308	-0.0023363163	0.99349767	351.3652	0	1.2314161e+06
2.110499999999842e-10	-0.11394195	0.0021370351	0.99344873	351.0584	0	1.2318371e+06
2.1154999999998409e-10	-0.11474024	0.006519381	0.99333847	350.90567	0	1.2320466e+06
2.1204999999998398e-10	-0.11588643	0.010781858	0.9931691	350.60162	0	1.2324636e+06
2.1254999999998388e-10	-0.117366806	0.014897541	0.99294263	350.29938	0	1.232878e+06
2.1304999999998377e-10	-0.11916545	0.018840658	0.99266195	350.14893	0	1.2330842e+06
2.1354999999998367e-10	-0.12126458	0.022586733	0.9923301	349.84937	0	1.2334946e+06
2.1404999999998356e-10	-0.12364449	0.026113747	0.9919502	349.5516	0	1.2339025e+06
2.1454999999998345e-10	-0.12628391	0.029401269	0.991526	349.4034	0	1.2341055e+06
2.1504999999998335e-10	-0.12916017	0.032430533	0.99106133	349.1083	0	1.2345096e+06
2.1554999999998324e-10	-0.13224925	0.035185616	0.99056005	348.81497	0	1.2349111e+06
2.1604999999998314e-10	-0.13552612	0.037652425	0.9900265	348.66898	0	1.2351109e+06
2.1654999999998303e-10	-0.13896503	0.039818764	0.989465	348.37827	0	1.2355086e+06
2.1704999999998293e-10	-0.14253937	0.041675445	0.98888	348.0893	0	1.2359038e+06
2.1754999999998282e-10	-0.14622219	0.043215264	0.98827606	347.94547	0	1.2361005e+06
2.1804999999998272e-10	-0.14998639	0.0444329	0.9876578	347.6591	0	1.2364919e+06
2.1854999999998261e-10	-0.15380463	0.04532613	0.9870296	347.37442	0	1.236881e+06
2.190499999999825e-10	-0.15764984	0.045894586	0.9863965	347.23273	0	1.2370745e+06
2.195499999999824e-10	-0.16149533	0.04613974	0.9857625	346.9506	0	1.2374599e+06
2.200499999999823e-10	-0.16531476	0.046066012	0.9851325	346.67014	0	1.2378429e+06
2.205499999999822e-10	-0.16908254	0.045679502	0.9845105	346.53055	0	1.2380334e+06
2.210499999999821e-10	-0.17277402	0.044987872	0.9839011	346.25262	0	1.2384128e+06
2.2154999999998198e-10	-0.17636533	0.04400152	0.98330814	345.97635	0	1.2387898e+06
2.2204999999998188e-10	-0.17983383	0.042732235	0.98273546	345.83884	0	1.2389772e+06
2.2254999999998177e-10	-0.18315813	0.041193005	0.98218685	345.56503	0	1.2393508e+06
2.2304999999998167e-10	-0.18631814	0.03939925	0.9816656	345.29288	0	1.2397218e+06
2.2354999999998156e-10	-0.18929528	0.037367374	0.9811752	345.1574	0	1.2399065e+06
2.2404999999998146e-10	-0.19207253	0.035114583	0.98071826	344.88766	0	1.240274e+06
2.2454999999998135e-10	-0.19463438	0.032660145	0.98029757	344.61954	0	1.2406394e+06
2.2504999999998125e-10	-0.19696721	0.030023865	0.9799156	344.48608	0	1.2408211e+06
2.2554999999998114e-10	-0.19905895	0.027225917	0.97957444	344.22037	0	1.241183e+06
2.2604999999998104e-10	-0.20089945	0.024288112	0.97927576	343.95624	0	1.2415425e+06
2.2654999999998093e-10	-0.20248033	0.021232355	0.9790208	343.82477	0	1.2417215e+06
2.2704999999998083e-10	-0.20379506	0.018080462	0.97881126	343.563	0	1.2420778e+06
2.2754999999998072e-10	-0.20483895	0.014855466	0.97864735	343.3028	0	1.2424318e+06
2.2804999999998062e-10	-0.20560914	0.011580026	0.97853017	343.17328	0	1.2426079e+06
2.285499999999805e-10	-0.20610464	0.008276293	0.9784593	342.91537	0	1.2429585e+06
2.290499999999804e-10	-0.20632623	0.004967199	0.9784349	342.65906	0	1.243307e+06
2.295499999999803e-10	-0.20627652	0.0016748785	0.9784568	342.53146	0	1.2434805e+06
2.300499999999802e-10	-0.20595975	-0.0015794447	0.9785237	342.2774	0	1.2438258e+06
2.305499999999801e-10	-0.20538197	-0.00477418	0.9786349	342.02487	0	1.2441688e+06
2.3104999999997999e-10	-0.20455074	-0.007888912	0.9787891	341.8992	0	1.2443395e+06
2.3154999999997988e-10	-0.20347522	-0.010904499	0.97898453	341.64893	0	1.2446794e+06
2.3204999999997978e-10	-0.20216602	-0.013801809	0.97921956	341.40015	0	1.2450171e+06
2.3254999999997967e-10	-0.20063521	-0.016563212	0.9794918	341.2763	0	1.2451851e+06
2.3304999999997967e-10	-0.19889602	-0.019172642	0.9797992	341.02975	0	1.2455198e+06
2.335499999999798e-10	-0.19696292	-0.021614576	0.9801394	340.82538	0	1.245797e+06
2.3404999999998e-10	-0.19485158	-0.02387501	0.9805094	340.622	0	1.2460729e+06
2.3454999999998013e-10	-0.19257855	-0.025941364	0.9809064	340.41968	0	1.2463472e+06
2.350499999999803e-10	-0.19016123	-0.027802518	0.9813276	340.21832	0	1.2466202e+06
2.3554999999998044e-10	-0.18761781	-0.029448863	0.9817697	340.01797	0	1.2468919e+06
2.360499999999806e-10	-0.18496703	-0.030872347	0.98222953	339.81863	0	1.247162e+06
2.3654999999998074e-10	-0.18222822	-0.03206652	0.98270375	339.6203	0	1.2474308e+06
2.370499999999809e-10	-0.17942096	-0.03302654	0.98318917	339.42294	0	1.2476981e+06
2.3754999999998105e-10	-0.17656507	-0.033749238	0.98368233	339.22656	0	1.247964e+06
2.380499999999812e-10	-0.17368048	-0.034233063	0.9841798	339.03116	0	1.2482286e+06
2.3854999999998136e-10	-0.17078707	-0.034478117	0.9846784	338.83673	0	1.2484919e+06
2.390499999999815e-10	-0.16790447	-0.034486134	0.9851745	338.64328	0	1.2487536e+06
2.3954999999998166e-10	-0.16505215	-0.03426046	0.985665	338.45078	0	1.2490141e+06
2.400499999999818e-10	-0.16224892	-0.03380597	0.9861469	338.25925	0	1.2492732e+06
2.4054999999998197e-10	-0.15951316	-0.0331291	0.98661685	338.06866	0	1.2495311e+06
2.410499999999821e-10	-0.15686254	-0.03223771	0.98707217	337.87903	0	1.2497875e+06
2.415499999999823e-10	-0.15431385	-0.031141052	0.98751	337.69034	0	1.2500426e+06
2.4204999999998243e-10	-0.15188299	-0.029849702	0.98792744	337.5026	0	1.2502965e+06
2.425499999999826e-10	-0.14958484	-0.02837544	0.9883222	337.3158	0	1.250549e+06
2.4304999999998274e-10	-0.14743316	-0.026731182	0.9886921	337.1299	0	1.2508001e+06
2.435499999999829e-10	-0.14544052	-0.024930866	0.989035	336.94495	0	1.25105e+06
2.4404999999998304e-10	-0.14361815	-0.022989327	0.98934907	336.76093	0	1.2512986e+06
2.445499999999832e-10	-0.14197595	-0.020922203	0.9896327	336.5778	0	1.2515459e+06
2.4504999999998335e-10	-0.14052244	-0.018745808	0.9898844	336.3956	0	1.2517919e+06
2.455499999999835e-10	-0.13926464	-0.016476978	0.9901031	336.2143	0	1.2520366e+06
2.4604999999998366e-10	-0.13820817	-0.014132986	0.99028814	336.0339	0	1.2522801e+06
2.465499999999838e-10	-0.13735703	-0.01173138	0.99043846	335.8544	0	1.2525222e+06
2.4704999999998396e-10	-0.13671377	-0.00928986	0.9905539	335.6758	0	1.2527632e+06
2.475499999999841e-10	-0.13627942	-0.0068261526	0.9906344	335.49808	0	1.253003e+06
2.4804999999998427e-10	-0.13605352	-0.004357866	0.99067974	335.32126	0	1.2532415e+06
2.485499999999844e-10	-0.13603407	-0.0019023784	0.99069065	335.14532	0	1.2534788e+06
2.490499999999846e-10	-0.13621771	0.00052329514	0.9906675	334.97025	0	1.2537148e+06
2.4954999999998473e-10	-0.13659965	0.0029026184	0.990611	334.79605	0	1.2539495e+06
2.500499999999849e-10	-0.13717377	0.005219649	0.9905225	334.6227	0	1.2541831e+06
2.5054999999998504e-10	-0.13793269	0.0074591455	0.99040306	334.45026	0	1.2544155e+06
2.510499999999852e-10	-0.1388678	0.009606673	0.990254	334.27866	0	1.2546466e+06
2.5154999999998534e-10	-0.13996944	0.011648676	0.99007726	334.10788	0	1.2548766e+06
2.520499999999855e-10	-0.14122684	0.013572595	0.9898741	333.938	0	1.2551054e+06
2.5254999999998565e-10	-0.14262842	0.015366902	0.9896471	333.76892	0	1.255333e+06
2.530499999999858e-10	-0.14416169	0.017021202	0.98939794	333.6007	0	1.2555595e+06
2.5354999999998596e-10	-0.14581345	0.01852626	0.9891288	333.43335	0	1.2557848e+06
2.540499999999861e-10	-0.14756991	0.019874059	0.9888421	333.2668	0	1.2560089e+06
2.5454999999998626e-10	-0.1494168	0.021057839	0.98854023	333.10107	0	1.2562318e+06
2.550499999999864e-10	-0.15133941	0.022072116	0.98822534	332.9362	0	1.2564536e+06
2.5554999999998657e-10	-0.1533228	0.022912696	0.9879005	332.77213	0	1.2566742e+06
2.560499999999867e-10	-0.15535186	0.023576675	0.98756766	332.6089	0	1.2568938e+06
2.565499999999869e-10	-0.15741138	0.02406246	0.9872296	332.44644	0	1.2571121e+06
2.5704999999998703e-10	-0.1594863	0.024369719	0.98688877	332.28482	0	1.2573294e+06
2.575499999999872e-10	-0.16156165	0.024499377	0.98654765	332.124	0	1.2575456e+06
2.5804999999998734e-10	-0.16362272	0.024453606	0.9862089	331.964	0	1.2577606e+06
2.585499999999875e-10	-0.16565524	0.024235744	0.9858747	331.80475	0	1.2579745e+06
2.5904999999998764e-10	-0.1676453	0.023850268	0.9855475	331.64633	0	1.2581874e+06
2.595499999999878e-10	-0.16957961	0.023302743	0.9852294	331.4887	0	1.2583991e+06
2.6004999999998795e-10	-0.17144547	0.02259977	0.9849225	331.33185	0	1.2586098e+06
2.605499999999881e-10	-0.17323084	0.021748895	0.9846289	331.17575	0	1.2588192e+06
2.6104999999998826e-10	-0.17492451	0.020758571	0.98435056	331.02048	0	1.2590278e+06
2.615499999999884e-10	-0.17651612	0.019638054	0.9840892	330.86594	0	1.2592351e+06
2.6204999999998856e-10	-0.17799611	0.018397348	0.9838463	330.7122	0	1.2594415e+06
2.625499999999887e-10	-0.17935593	0.017047105	0.9836234	330.5592	0	1.2596468e+06
2.6304999999998887e-10	-0.180588	0.0155985495	0.98342174	330.40698	0	1.259851e+06
2.63549999999989e-10	-0.1816857	0.014063386	0.9832425	330.25552	0	1.2600541e+06
2.640499999999892e-10	-0.18264352	0.012453716	0.98308665	330.1048	0	1.2602562e+06
2.6454999999998933e-10	-0.18345691	0.010781953	0.9829547	329.95483	0	1.2604574e+06
2.650499999999895e-10	-0.18412249	0.009060733	0.9828474	329.80563	0	1.2606574e+06
2.6554999999998964e-10	-0.18463789	0.007302804	0.9827653	329.65717	0	1.2608564e+06
2.660499999999898e-10	-0.18500184	0.005520969	0.98270845	329.50943	0	1.2610544e+06
2.6654999999998994e-10	-0.18521409	0.0037279895	0.98267674	329.36243	0	1.2612514e+06
2.670499999999901e-10	-0.18527544	0.0019364879	0.9826701	329.21616	0	1.2614474e+06
2.6754999999999025e-10	-0.18518782	0.00015887566	0.9826886	329.07062	0	1.2616422e+06
2.680499999999904e-10	-0.18495396	-0.0015927221	0.9827314	328.9258	0	1.2618362e+06
2.6854999999999056e-10	-0.18457773	-0.003306555	0.98279786	328.78174	0	1.2620292e+06
2.690499999999907e-10	-0.18406385	-0.004971312	0.9828873	328.63837	0	1.2622212e+06
2.6954999999999086e-10	-0.18341789	-0.006576206	0.98299867	328.4957	0	1.2624121e+06
2.70049999999991e-10	-0.18264624	-0.00811101	0.9831311	328.35376	0	1.2626022e+06
2.7054999999999117e-10	-0.18175615	-0.00956614	0.9832831	328.21252	0	1.2627912e+06
2.710499999999913e-10	-0.18075545	-0.010932721	0.9834535	328.072	0	1.2629792e+06
2.715499999999915e-10	-0.17965274	-0.012202603	0.98364073	327.93216	0	1.2631664e+06
2.7204999999999163e-10	-0.1784571	-0.01336844	0.98384345	327.793	0	1.2633525e+06
2.725499999999918e-10	-0.17717819	-0.014423704	0.98405993	327.65457	0	1.2635378e+06
2.7304999999999194e-10	-0.17582603	-0.015362741	0.9842885	327.5168	0	1.263722e+06
2.735499999999921e-10	-0.17441113	-0.016180785	0.9845275	327.37973	0	1.2639052e+06
2.7404999999999224e-10	-0.17294413	-0.016873974	0.9847748	327.24335	0	1.2640876e+06
2.745499999999924e-10	-0.171436	-0.017439384	0.985029	327.10764	0	1.264269e+06
2.7504999999999255e-10	-0.16989775	-0.017875018	0.985288	326.97263	0	1.2644495e+06
2.755499999999927e-10	-0.16834055	-0.018179815	0.98555017	326.83826	0	1.2646291e+06
2.7604999999999286e-10	-0.16677544	-0.018353658	0.98581344	326.70456	0	1.2648078e+06
2.76549999999993e-10	-0.16521342	-0.018397348	0.98607594	326.57153	0	1.2649855e+06
2.7704999999999317e-10	-0.16366519	-0.018312575	0.9863361	326.43918	0	1.2651622e+06
2.775499999999933e-10	-0.16214143	-0.01810193	0.98659205	326.30746	0	1.2653382e+06
2.7804999999999347e-10	-0.16065225	-0.01776885	0.98684204	326.17642	0	1.2655132e+06
2.785499999999936e-10	-0.15920752	-0.017317576	0.9870846	326.04605	0	1.2656874e+06
2.790499999999938e-10	-0.15781663	-0.016753146	0.987318	325.9163	0	1.2658605e+06
2.7954999999999393e-10	-0.15648837	-0.016081307	0.987541	325.7872	0	1.2660329e+06
2.800499999999941e-10	-0.15523109	-0.015308501	0.9877522	325.65875	0	1.2662044e+06
2.8054999999999424e-10	-0.15405238	-0.014441789	0.98795015	325.5309	0	1.2663749e+06
2.810499999999944e-10	-0.15295921	-0.0134887975	0.9881337	325.40375	0	1.2665446e+06
2.8154999999999455e-10	-0.15195788	-0.012457647	0.9883023	325.27722	0	1.2667135e+06
2.820499999999947e-10	-0.15105386	-0.0113569	0.9884544	325.1513	0	1.2668815e+06
2.8254999999999485e-10	-0.15025191	-0.010195493	0.9885897	325.026	0	1.2670486e+06
2.83049999999995e-10	-0.14955592	-0.0089826565	0.9887072	324.90134	0	1.2672149e+06
2.8354999999999516e-10	-0.14896904	-0.0077278498	0.98880666	324.7773	0	1.2673802e+06
2.840499999999953e-10	-0.14849353	-0.006440681	0.9888878	324.65387	0	1.2675449e+06
2.8454999999999547e-10	-0.1481308	-0.0051308502	0.98895	324.53107	0	1.2677085e+06
2.850499999999956e-10	-0.14788151	-0.003808057	0.98899364	324.40887	0	1.2678715e+06
2.8554999999999577e-10	-0.14774539	-0.002481947	0.98901844	324.2873	0	1.2680335e+06
2.860499999999959e-10	-0.14772147	-0.0011620376	0.9890245	324.1663	0	1.2681948e+06
2.865499999999961e-10	-0.14780787	0.00014235264	0.9890125	324.04593	0	1.2683551e+06
2.8704999999999623e-10	-0.14800204	0.0014221704	0.9889825	323.92615	0	1.2685148e+06
2.875499999999964e-10	-0.14830068	0.0026686888	0.9889355	323.80695	0	1.2686735e+06
2.8804999999999654e-10	-0.14869973	0.0038735596	0.98887146	323.68835	0	1.2688315e+06
2.885499999999967e-10	-0.14919457	0.005028871	0.98879194	323.57037	0	1.2689886e+06
2.8904999999999685e-10	-0.14977992	0.0061272047	0.98869735	323.45297	0	1.269145e+06
2.89549999999997e-10	-0.15044989	0.007161672	0.9885886	323.33612	0	1.2693005e+06
2.9004999999999715e-10	-0.15119816	0.008125962	0.988467	323.21988	0	1.2694552e+06
2.905499999999973e-10	-0.15201795	0.009014373	0.9883336	323.10422	0	1.2696092e+06
2.9104999999999746e-10	-0.152902	0.009821851	0.98818946	322.98914	0	1.2697625e+06
2.915499999999976e-10	-0.15384284	0.010544	0.9880359	322.8746	0	1.2699149e+06
2.9204999999999777e-10	-0.15483257	0.011177117	0.98787427	322.76068	0	1.2700665e+06
2.925499999999979e-10	-0.15586321	0.011718203	0.98770577	322.6473	0	1.2702174e+06
2.9304999999999807e-10	-0.15692654	0.01216497	0.9875319	322.5345	0	1.2703675e+06
2.9354999999999823e-10	-0.15801434	0.0125158345	0.9873539	322.42224	0	1.2705168e+06
2.940499999999984e-10	-0.15911822	0.012769941	0.98717314	322.31055	0	1.2706654e+06
2.9454999999999853e-10	-0.16022995	0.012927129	0.9869912	322.1994	0	1.2708131e+06
2.950499999999987e-10	-0.16134126	0.012987932	0.9868092	322.0888	0	1.2709601e+06
2.9554999999999884e-10	-0.1624442	0.012953583	0.9866284	321.9788	0	1.2711065e+06
2.96049999999999e-10	-0.1635309	0.012825948	0.98645055	321.8693	0	1.271252e+06
2.9654999999999915e-10	-0.16459376	0.012607533	0.98627627	321.76038	0	1.2713969e+06
2.970499999999993e-10	-0.16562542	0.012301444	0.98610735	321.65198	0	1.2715409e+06
2.9754999999999945e-10	-0.16661905	0.011911363	0.9859446	321.54413	0	1.2716842e+06
2.980499999999996e-10	-0.16756803	0.011441496	0.9857891	321.4368	0	1.2718269e+06
2.9854999999999976e-10	-0.16846621	0.010896552	0.985642	321.33002	0	1.2719688e+06
2.990499999999999e-10	-0.169308	0.010281689	0.9855042	321.22375	0	1.2721099e+06
2.9950000000000005e-10	-0.17001309	0.009673101	0.9853888	321.11804	0	1.2722504e+06
3.000000000000002e-10	-0.17073385	0.008941011	0.98527086	321.01285	0	1.2723901e+06
3.0050000000000036e-10	-0.17138477	0.008156086	0.9851646	320.90817	0	1.2725291e+06
3.010000000000005e-10	-0.17196217	0.0073248027	0.9850704	320.80402	0	1.2726674e+06
3.0150000000000066e-10	-0.17246304	0.0064538554	0.9849887	320.70038	0	1.272805e+06
3.020000000000008e-10	-0.17288506	0.0055501102	0.9849201	320.5973	0	1.272942e+06
3.0250000000000097e-10	-0.17322637	0.004620543	0.98486495	320.4947	0	1.2730781e+06
3.030000000000011e-10	-0.1734858	0.0036722024	0.9848231	320.39258	0	1.2732136e+06
3.035000000000013e-10	-0.17366269	0.0027121485	0.984795	320.29102	0	1.2733485e+06
3.0400000000000143e-10	-0.17375714	0.0017474077	0.9847803	320.18994	0	1.2734826e+06
3.045000000000016e-10	-0.17376961	0.00078492507	0.9847795	320.08936	0	1.2736161e+06
3.0500000000000174e-10	-0.1737013	-0.00016848397	0.98479164	319.9893	0	1.2737489e+06
3.055000000000019e-10	-0.1735539	-0.0011061829	0.984817	319.8897	0	1.273881e+06
3.0600000000000205e-10	-0.17332967	-0.0020217486	0.984855	319.79065	0	1.2740124e+06
3.065000000000022e-10	-0.17303129	-0.0029090222	0.9849053	319.69205	0	1.2741432e+06
3.0700000000000235e-10	-0.17266203	-0.003762143	0.9849672	319.59396	0	1.2742732e+06
3.075000000000025e-10	-0.17222552	-0.0045755883	0.98504025	319.49637	0	1.2744028e+06
3.0800000000000266e-10	-0.17172591	-0.0053442004	0.98512375	319.39923	0	1.2745315e+06
3.085000000000028e-10	-0.17116761	-0.006063228	0.98521674	319.3026	0	1.2746596e+06
3.0900000000000297e-10	-0.1705555	-0.006728341	0.98531866	319.20645	0	1.2747871e+06
3.095000000000031e-10	-0.16989468	-0.0073356647	0.9854287	319.11078	0	1.274914e+06
3.1000000000000327e-10	-0.16919053	-0.007881794	0.9855457	319.0156	0	1.2750401e+06
3.105000000000034e-10	-0.16844867	-0.008363812	0.98566896	318.92087	0	1.2751656e+06
3.110000000000036e-10	-0.16767494	-0.008779306	0.98579735	318.8266	0	1.2752906e+06
3.1150000000000373e-10	-0.16687523	-0.009126377	0.9859301	318.73282	0	1.2754149e+06
3.120000000000039e-10	-0.16605562	-0.009403644	0.98606604	318.63953	0	1.2755385e+06
3.1250000000000404e-10	-0.16522211	-0.0096102385	0.9862042	318.54666	0	1.2756615e+06
3.130000000000042e-10	-0.16438082	-0.00974582	0.9863437	318.45428	0	1.2757839e+06
3.1350000000000435e-10	-0.16353783	-0.009810561	0.98648345	318.36237	0	1.2759056e+06
3.140000000000045e-10	-0.16269909	-0.00980514	0.9866223	318.27087	0	1.2760268e+06
3.1450000000000465e-10	-0.1618704	-0.009730713	0.98675954	318.17987	0	1.2761474e+06
3.150000000000048e-10	-0.16105746	-0.009588937	0.9868942	318.0893	0	1.2762672e+06
3.1550000000000496e-10	-0.16026579	-0.009381909	0.98702514	317.9992	0	1.2763866e+06
3.160000000000051e-10	-0.15950054	-0.009112173	0.98715186	317.90955	0	1.2765052e+06
3.1650000000000527e-10	-0.15876675	-0.008782679	0.98727345	317.82034	0	1.2766234e+06
3.170000000000054e-10	-0.15806906	-0.008396763	0.98738885	317.73157	0	1.2767409e+06
3.1750000000000557e-10	-0.15741178	-0.00795812	0.9874976	317.64322	0	1.2768578e+06
3.1800000000000573e-10	-0.15679891	-0.007470759	0.9875992	317.55536	0	1.2769741e+06
3.185000000000059e-10	-0.15623403	-0.0069389828	0.9876929	317.4679	0	1.2770899e+06
3.1900000000000603e-10	-0.15572031	-0.0063673486	0.9877779	317.3809	0	1.277205e+06
3.195000000000062e-10	-0.1552605	-0.0057606273	0.9878541	317.2943	0	1.2773195e+06
3.2000000000000634e-10	-0.15485698	-0.005123765	0.9879214	317.20816	0	1.2774335e+06
3.205000000000065e-10	-0.15451159	-0.004461857	0.98797876	317.12244	0	1.2775469e+06
3.2100000000000665e-10	-0.15422577	-0.0037800819	0.98802626	317.03714	0	1.2776598e+06
3.215000000000068e-10	-0.15400049	-0.0030836868	0.98806417	316.95227	0	1.277772e+06
3.2200000000000695e-10	-0.1538363	-0.002377946	0.9880917	316.86783	0	1.2778838e+06
3.225000000000071e-10	-0.15373325	-0.0016681069	0.98810923	316.7838	0	1.2779948e+06
3.2300000000000726e-10	-0.15369098	-0.00095936586	0.98811686	316.7002	0	1.2781054e+06
3.235000000000074e-10	-0.15370867	-0.0002568237	0.9881146	316.617	0	1.2782154e+06
3.2400000000000757e-10	-0.15378511	0.0004345481	0.9881028	316.53424	0	1.2783248e+06
3.245000000000077e-10	-0.15391865	0.001109942	0.98808146	316.45187	0	1.2784336e+06
3.2500000000000787e-10	-0.15410727	0.001764745	0.9880511	316.36993	0	1.278542e+06
3.2550000000000803e-10	-0.15434857	0.0023945717	0.9880122	316.2884	0	1.2786498e+06
3.260000000000082e-10	-0.15463984	0.0029952885	0.987965	316.20724	0	1.278757e+06
3.2650000000000833e-10	-0.15497802	0.0035630441	0.9879101	316.12653	0	1.2788638e+06
3.270000000000085e-10	-0.1553598	0.0040942966	0.9878482	316.04617	0	1.2789699e+06
3.2750000000000864e-10	-0.15578157	0.0045858193	0.98777956	315.96625	0	1.2790755e+06
3.280000000000088e-10	-0.15623948	0.005034736	0.987705	315.88672	0	1.2791805e+06
3.2850000000000895e-10	-0.15672955	0.005438523	0.98762524	315.8076	0	1.2792851e+06
3.290000000000091e-10	-0.15724756	0.0057950304	0.9875406	315.72885	0	1.2793891e+06
3.2950000000000925e-10	-0.15778922	0.006102489	0.98745245	315.65048	0	1.2794926e+06
3.300000000000094e-10	-0.1583501	0.0063595134	0.98736095	315.57254	0	1.2795956e+06
3.3050000000000956e-10	-0.15892573	0.006565105	0.987267	315.49496	0	1.279698e+06
3.310000000000097e-10	-0.15951157	0.006718659	0.9871714	315.4178	0	1.2798e+06
3.3150000000000987e-10	-0.1601032	0.006819961	0.9870748	315.34097	0	1.2799014e+06
3.3200000000001e-10	-0.16069612	0.006869164	0.9869781	315.26456	0	1.2800022e+06
3.3250000000001017e-10	-0.16128592	0.006866801	0.98688173	315.1885	0	1.2801026e+06
3.3300000000001033e-10	-0.16186827	0.0068137757	0.98678666	315.11285	0	1.2802025e+06
3.335000000000105e-10	-0.16243897	0.0067113377	0.98669344	315.03757	0	1.2803019e+06
3.3400000000001063e-10	-0.16299409	0.006561077	0.9866028	314.96268	0	1.2804008e+06
3.345000000000108e-10	-0.16352974	0.0063648988	0.9865153	314.88812	0	1.2804991e+06
3.3500000000001094e-10	-0.16404232	0.0061250045	0.9864317	314.81396	0	1.280597e+06
3.355000000000111e-10	-0.16452841	0.005843872	0.9863523	314.74017	0	1.2806944e+06
3.3600000000001125e-10	-0.16498488	0.005524242	0.9862779	314.66675	0	1.2807912e+06
3.365000000000114e-10	-0.16540885	0.0051690815	0.9862085	314.5937	0	1.2808878e+06
3.3700000000001155e-10	-0.1657977	0.00478156	0.98614514	314.521	0	1.2809836e+06
3.375000000000117e-10	-0.16614912	0.004365029	0.9860879	314.44867	0	1.281079e+06
3.3800000000001186e-10	-0.16646115	0.0039229942	0.986037	314.37668	0	1.281174e+06
3.38500000000012e-10	-0.1667321	0.0034590797	0.9859928	314.30508	0	1.2812685e+06
3.3900000000001217e-10	-0.16696064	0.0029770136	0.9859557	314.23383	0	1.2813625e+06
3.395000000000123e-10	-0.16714574	0.0024805865	0.98592556	314.1629	0	1.281456e+06
3.400000000000125e-10	-0.16728668	0.0019736297	0.98590267	314.09238	0	1.281549e+06
3.4050000000001263e-10	-0.16738315	0.0014599866	0.9858871	314.02216	0	1.2816415e+06
3.410000000000128e-10	-0.16743508	0.000943484	0.985879	313.95233	0	1.2817336e+06
3.4150000000001293e-10	-0.16744277	0.00042790573	0.98587805	313.8828	0	1.2818252e+06
3.420000000000131e-10	-0.16740684	-8.30331e-05	0.98588413	313.81366	0	1.2819165e+06
3.4250000000001324e-10	-0.16732818	-0.00058571313	0.98589736	313.74484	0	1.2820071e+06
3.430000000000134e-10	-0.16720797	-0.0010766349	0.9859173	313.6764	0	1.2820974e+06
3.4350000000001355e-10	-0.16704774	-0.0015524409	0.9859439	313.60825	0	1.2821872e+06
3.440000000000137e-10	-0.1668492	-0.0020099352	0.98597664	313.54047	0	1.2822766e+06
3.4450000000001385e-10	-0.16661434	-0.0024461157	0.98601544	313.47302	0	1.2823655e+06
3.45000000000014e-10	-0.16634539	-0.0028581747	0.9860598	313.4059	0	1.2824539e+06
3.4550000000001416e-10	-0.1660448	-0.0032435306	0.9861092	313.33914	0	1.2825419e+06
3.460000000000143e-10	-0.1657152	-0.0035998295	0.9861635	313.27267	0	1.2826295e+06
3.4650000000001447e-10	-0.16535933	-0.0039249705	0.986222	313.20657	0	1.2827166e+06
3.470000000000146e-10	-0.16498016	-0.004217113	0.98628443	313.14078	0	1.2828032e+06
3.475000000000148e-10	-0.16458075	-0.004474687	0.98635006	313.07532	0	1.2828895e+06
3.4800000000001493e-10	-0.16416422	-0.0046963915	0.98641855	313.0102	0	1.2829752e+06
3.485000000000151e-10	-0.16373381	-0.0048812097	0.98648924	312.94537	0	1.2830606e+06
3.4900000000001524e-10	-0.1632928	-0.005028407	0.9865617	312.8809	0	1.2831456e+06
3.495000000000154e-10	-0.1628445	-0.0051375334	0.9866353	312.81674	0	1.2832301e+06
3.5000000000001554e-10	-0.16239218	-0.0052084303	0.9867096	312.7529	0	1.2833141e+06
3.505000000000157e-10	-0.16193913	-0.005241206	0.986784	312.68936	0	1.2833979e+06
3.5100000000001585e-10	-0.1614886	-0.0052362555	0.98685795	312.62616	0	1.283481e+06
3.51500000000016e-10	-0.16104369	-0.0051942323	0.98693097	312.56326	0	1.2835639e+06
3.5200000000001616e-10	-0.16060746	-0.005116046	0.98700255	312.50067	0	1.2836462e+06
3.525000000000163e-10	-0.16018291	-0.0050028674	0.98707217	312.43842	0	1.2837282e+06
3.5300000000001646e-10	-0.15977283	-0.004856092	0.9871396	312.37643	0	1.2838098e+06
3.535000000000166e-10	-0.1593799	-0.004677345	0.98720396	312.3148	0	1.283891e+06
3.5400000000001677e-10	-0.15900664	-0.0044684503	0.9872652	312.25345	0	1.2839718e+06
3.545000000000169e-10	-0.15865532	-0.0042314283	0.987323	312.1924	0	1.284052e+06
3.550000000000171e-10	-0.15832807	-0.0039684637	0.9873767	312.13168	0	1.284132e+06
3.5550000000001723e-10	-0.15802683	-0.0036819007	0.98742616	312.07126	0	1.2842115e+06
3.560000000000174e-10	-0.15775327	-0.0033742143	0.9874711	312.0111	0	1.2842906e+06
3.5650000000001754e-10	-0.15750886	-0.0030479995	0.98751116	311.9513	0	1.2843694e+06
3.570000000000177e-10	-0.1572948	-0.002705932	0.9875465	311.89175	0	1.2844478e+06
3.5750000000001784e-10	-0.15711206	-0.002350771	0.98757654	311.83252	0	1.2845256e+06
3.58000000000018e-10	-0.15696144	-0.001985319	0.98760146	311.7736	0	1.2846031e+06
3.5850000000001815e-10	-0.15684336	-0.0016124123	0.98762083	311.71494	0	1.2846804e+06
3.590000000000183e-10	-0.1567581	-0.0012348857	0.987635	311.6566	0	1.2847571e+06
3.5950000000001846e-10	-0.15670568	-0.0008555678	0.98764366	311.5985	0	1.2848335e+06
3.600000000000186e-10	-0.1566858	-0.0004772564	0.9876473	311.54074	0	1.2849095e+06
3.6050000000001876e-10	-0.15669806	-0.00010268646	0.9876454	311.48325	0	1.2849851e+06
3.610000000000189e-10	-0.1567417	0.00026547207	0.9876384	311.42606	0	1.2850602e+06
3.6150000000001907e-10	-0.15681584	0.00062464544	0.98762655	311.36914	0	1.2851351e+06
3.620000000000192e-10	-0.15691932	0.00097236945	0.98760986	311.3125	0	1.2852096e+06
3.625000000000194e-10	-0.15705086	0.0013063056	0.9875886	311.25613	0	1.2852838e+06
3.6300000000001953e-10	-0.15720896	0.0016242526	0.98756295	311.20007	0	1.2853575e+06
3.635000000000197e-10	-0.1573919	0.0019241628	0.9875333	311.1443	0	1.2854308e+06
3.6400000000001984e-10	-0.1575979	0.002204157	0.98749983	311.08878	0	1.2855038e+06
3.6450000000002e-10	-0.15782498	0.0024625321	0.987463	311.03354	0	1.2855764e+06
3.6500000000002014e-10	-0.1580711	0.0026977768	0.9874229	310.97858	0	1.2856486e+06
3.655000000000203e-10	-0.158334	0.0029085656	0.98738015	310.9239	0	1.2857205e+06
3.6600000000002045e-10	-0.15861146	0.0030937835	0.9873349	310.86948	0	1.285792e+06
3.665000000000206e-10	-0.15890114	0.0032525118	0.987288	310.8153	0	1.2858632e+06
3.6700000000002076e-10	-0.15920067	0.0033840518	0.9872391	310.76144	0	1.285934e+06
3.675000000000209e-10	-0.15950754	0.003487906	0.9871893	310.70786	0	1.2860045e+06
3.6800000000002106e-10	-0.15981941	0.0035637957	0.9871385	310.6545	0	1.2860746e+06
3.685000000000212e-10	-0.16013387	0.0036116443	0.98708725	310.60144	0	1.2861442e+06
3.6900000000002137e-10	-0.1604485	0.0036315832	0.987036	310.5486	0	1.2862138e+06
3.695000000000215e-10	-0.16076091	0.0036239447	0.9869852	310.49606	0	1.2862828e+06
3.700000000000217e-10	-0.16106878	0.003589253	0.986935	310.4438	0	1.2863514e+06
3.7050000000002183e-10	-0.16136989	0.0035282322	0.986886	310.39175	0	1.2864198e+06
3.71000000000022e-10	-0.16166207	0.0034417843	0.98683834	310.34	0	1.2864878e+06
3.7150000000002214e-10	-0.16194339	0.003330972	0.9867927	310.28848	0	1.2865554e+06
3.720000000000223e-10	-0.16221179	0.003197026	0.98674893	310.23724	0	1.2866228e+06
3.7250000000002244e-10	-0.16246556	0.0030413177	0.9867075	310.18625	0	1.2866898e+06
3.730000000000226e-10	-0.16270301	0.0028653573	0.9866689	310.1355	0	1.2867564e+06
3.7350000000002275e-10	-0.16292259	0.0026707782	0.9866331	310.08502	0	1.2868228e+06
3.740000000000229e-10	-0.16312297	0.0024593177	0.9866005	310.0348	0	1.2868886e+06
3.7450000000002306e-10	-0.16330297	0.0022328068	0.9865712	309.9848	0	1.2869542e+06
3.750000000000232e-10	-0.16346157	0.0019931598	0.98654544	309.93506	0	1.2870196e+06
3.7550000000002336e-10	-0.16359784	0.0017423526	0.98652333	309.88556	0	1.2870846e+06
3.760000000000235e-10	-0.1637112	0.001482409	0.9865049	309.83633	0	1.2871492e+06
3.7650000000002367e-10	-0.1638011	0.0012153814	0.98649037	309.78732	0	1.2872136e+06
3.770000000000238e-10	-0.16386725	0.0009433423	0.9864795	309.7386	0	1.2872776e+06
3.77500000000024e-10	-0.1639095	0.00066836434	0.98647267	309.69006	0	1.2873412e+06
3.7800000000002413e-10	-0.16392785	0.00039251003	0.98646986	309.64178	0	1.2874046e+06
3.785000000000243e-10	-0.16392258	0.00011781004	0.98647064	309.59378	0	1.2874678e+06
3.7900000000002444e-10	-0.16389404	-0.00015374695	0.9864754	309.546	0	1.2875304e+06
3.795000000000246e-10	-0.16384277	-0.00042023094	0.98648393	309.4984	0	1.2875929e+06
3.8000000000002474e-10	-0.16376947	-0.0006797758	0.9864959	309.4511	0	1.287655e+06
3.805000000000249e-10	-0.16367501	-0.0009305998	0.9865114	309.40402	0	1.2877168e+06
3.8100000000002505e-10	-0.16356035	-0.001171017	0.9865302	309.35718	0	1.2877782e+06
3.815000000000252e-10	-0.16342664	-0.0013994424	0.98655206	309.31058	0	1.2878394e+06
3.8200000000002536e-10	-0.1632751	-0.0016144058	0.98657686	309.2642	0	1.2879002e+06
3.825000000000255e-10	-0.16310711	-0.0018145622	0.9866042	309.21805	0	1.2879608e+06
3.8300000000002566e-10	-0.16292408	-0.0019986911	0.98663414	309.17212	0	1.288021e+06
3.835000000000258e-10	-0.16272758	-0.002165718	0.98666626	309.12643	0	1.288081e+06
3.8400000000002597e-10	-0.1625192	-0.002314702	0.98670024	309.081	0	1.2881406e+06
3.845000000000261e-10	-0.16230063	-0.002444854	0.98673594	309.03574	0	1.2882e+06
3.850000000000263e-10	-0.1620736	-0.0025555405	0.9867731	308.99072	0	1.288259e+06
3.8550000000002643e-10	-0.16183977	-0.0026462723	0.98681116	308.94595	0	1.2883178e+06
3.860000000000266e-10	-0.16160102	-0.0027167175	0.98685014	308.9014	0	1.2883762e+06
3.8650000000002674e-10	-0.16135906	-0.0027667005	0.98688984	308.85706	0	1.2884344e+06
3.870000000000269e-10	-0.1611157	-0.002796195	0.98692936	308.81293	0	1.2884922e+06
3.8750000000002704e-10	-0.16087271	-0.0028053308	0.98696923	308.769	0	1.2885499e+06
3.880000000000272e-10	-0.16063175	-0.0027943805	0.98700845	308.72534	0	1.2886071e+06
3.8850000000002735e-10	-0.1603945	-0.002763756	0.9870472	308.6819	0	1.2886641e+06
3.890000000000275e-10	-0.16016266	-0.0027140095	0.98708516	308.63864	0	1.2887209e+06
3.8950000000002766e-10	-0.15993762	-0.002645819	0.9871217	308.5956	0	1.2887772e+06
3.900000000000278e-10	-0.15972106	-0.0025599946	0.98715717	308.5528	0	1.2888334e+06
3.9050000000002796e-10	-0.15951426	-0.0024574616	0.9871908	308.5102	0	1.2888892e+06
3.910000000000281e-10	-0.15931854	-0.0023392446	0.9872228	308.4678	0	1.2889449e+06
3.9150000000002827e-10	-0.15913512	-0.002206476	0.98725283	308.4256	0	1.2890001e+06
3.920000000000284e-10	-0.15896508	-0.0020603675	0.9872805	308.38364	0	1.2890552e+06
3.925000000000286e-10	-0.15880938	-0.001902216	0.98730594	308.3419	0	1.28911e+06
3.9300000000002873e-10	-0.15866889	-0.0017333822	0.9873289	308.30032	0	1.2891644e+06
3.935000000000289e-10	-0.15854432	-0.0015552804	0.9873492	308.25897	0	1.2892186e+06
3.9400000000002904e-10	-0.15843625	-0.0013693694	0.9873668	308.21783	0	1.2892725e+06
3.945000000000292e-10	-0.15834516	-0.0011771444	0.9873817	308.1769	0	1.2893262e+06
3.9500000000002935e-10	-0.15827142	-0.0009801211	0.9873939	308.13617	0	1.2893796e+06
3.955000000000295e-10	-0.15821518	-0.00077982043	0.98740315	308.09564	0	1.2894328e+06
3.9600000000002965e-10	-0.1581765	-0.0005777694	0.98740953	308.05533	0	1.2894856e+06
3.965000000000298e-10	-0.15815537	-0.00037547626	0.987413	308.0152	0	1.2895381e+06
3.9700000000002996e-10	-0.15815157	-0.00017442706	0.9874136	307.97525	0	1.2895905e+06
3.975000000000301e-10	-0.15816477	2.3922328e-05	0.98741156	307.93555	0	1.2896425e+06
3.9800000000003027e-10	-0.15819457	0.00021816969	0.98740673	307.896	0	1.2896944e+06
3.985000000000304e-10	-0.15824041	0.00040695723	0.9873994	307.85666	0	1.2897459e+06
3.9900000000003057e-10	-0.15830164	0.0005889905	0.98738945	307.81754	0	1.2897971e+06
3.995000000000307e-10	-0.15837745	0.00076305895	0.9873773	307.7786	0	1.2898482e+06
4.000000000000309e-10	-0.15846708	0.0009280175	0.98736256	307.73984	0	1.289899e+06
4.0050000000003103e-10	-0.15856954	0.0010828131	0.987346	307.7013	0	1.2899495e+06
4.010000000000312e-10	-0.15868378	0.0012264809	0.9873276	307.66293	0	1.2899998e+06
4.0150000000003134e-10	-0.15880878	0.0013581613	0.98730737	307.62476	0	1.2900498e+06
4.020000000000315e-10	-0.15894338	0.0014770903	0.9872853	307.5868	0	1.2900995e+06
4.0250000000003165e-10	-0.15908633	0.0015826185	0.987262	307.54898	0	1.290149e+06
4.030000000000318e-10	-0.15923649	0.0016742004	0.987238	307.51138	0	1.2901982e+06
4.0350000000003195e-10	-0.15939245	0.0017513998	0.9872125	307.47397	0	1.2902472e+06
4.040000000000321e-10	-0.159553	0.0018139041	0.9871863	307.43674	0	1.290296e+06
4.0450000000003226e-10	-0.15971689	0.001861507	0.98715985	307.3997	0	1.2903445e+06
4.050000000000324e-10	-0.15988278	0.0018941135	0.9871328	307.36282	0	1.2903929e+06
4.0550000000003257e-10	-0.16004936	0.001911737	0.98710597	307.32614	0	1.2904409e+06
4.060000000000327e-10	-0.16021533	0.0019145061	0.9870787	307.28967	0	1.2904886e+06
4.0650000000003287e-10	-0.16037951	0.0019026599	0.9870521	307.25336	0	1.2905362e+06
4.0700000000003303e-10	-0.16054055	0.0018765343	0.9870261	307.21722	0	1.2905835e+06
4.075000000000332e-10	-0.16069737	0.0018365748	0.9870005	307.18127	0	1.2906306e+06
4.0800000000003333e-10	-0.1608488	0.0017833092	0.9869759	307.14548	0	1.2906774e+06
4.085000000000335e-10	-0.1609938	0.0017173617	0.98695236	307.1099	0	1.290724e+06
4.0900000000003364e-10	-0.16113143	0.0016394365	0.98693	307.0745	0	1.2907704e+06
4.095000000000338e-10	-0.1612607	0.0015503066	0.9869089	307.03925	0	1.2908165e+06
4.1000000000003395e-10	-0.16138074	0.0014508278	0.98688954	307.00418	0	1.2908625e+06
4.105000000000341e-10	-0.16149086	0.001341906	0.9868715	306.9693	0	1.2909081e+06
4.1100000000003425e-10	-0.16159031	0.0012245023	0.98685545	306.93457	0	1.2909536e+06
4.115000000000344e-10	-0.16167854	0.0010996291	0.98684096	306.90002	0	1.2909988e+06
4.1200000000003456e-10	-0.16175504	0.0009683321	0.98682874	306.86566	0	1.2910438e+06
4.125000000000347e-10	-0.1618194	0.0008316897	0.9868182	306.83145	0	1.2910886e+06
4.1300000000003487e-10	-0.16187133	0.0006907983	0.9868097	306.79742	0	1.2911331e+06
4.13500000000035e-10	-0.1619106	0.0005467646	0.9868033	306.76358	0	1.2911774e+06
4.1400000000003517e-10	-0.1619371	0.00040070523	0.98679906	306.7299	0	1.2912215e+06
4.1450000000003533e-10	-0.16195084	0.00025373034	0.98679686	306.69635	0	1.2912654e+06
4.150000000000355e-10	-0.16195187	0.000106935826	0.98679674	306.663	0	1.291309e+06
4.1550000000003563e-10	-0.16194035	-3.859776e-05	0.9867986	306.6298	0	1.2913525e+06
4.160000000000358e-10	-0.16191655	-0.00018181898	0.9868025	306.59677	0	1.2913958e+06
4.1650000000003594e-10	-0.16188085	-0.0003217124	0.9868083	306.5639	0	1.2914388e+06
4.170000000000361e-10	-0.1618336	-0.00045730724	0.986816	306.53122	0	1.2914815e+06
4.1750000000003625e-10	-0.1617754	-0.0005876734	0.9868254	306.4987	0	1.2915241e+06
4.180000000000364e-10	-0.16170672	-0.0007119439	0.98683673	306.4663	0	1.2915664e+06
4.1850000000003655e-10	-0.16162828	-0.0008293051	0.9868493	306.4341	0	1.2916086e+06
4.190000000000367e-10	-0.16154075	-0.0009390065	0.9868636	306.40207	0	1.2916505e+06
4.1950000000003686e-10	-0.16144492	-0.0010403702	0.9868792	306.37018	0	1.2916922e+06
4.20000000000037e-10	-0.16134156	-0.0011327926	0.9868961	306.33844	0	1.2917338e+06
4.2050000000003717e-10	-0.16123152	-0.0012157401	0.9869139	306.30685	0	1.2917751e+06
4.210000000000373e-10	-0.16111577	-0.0012887613	0.9869328	306.27545	0	1.2918161e+06
4.2150000000003747e-10	-0.1609951	-0.0013514871	0.9869525	306.24417	0	1.291857e+06
4.218500000000376e-10	-0.16090824	-0.0013890996	0.98696655	306.2286	0	1.2918774e+06
