# t (s)	mx ()	my ()	mz ()	T (K)	J (A/m^2)	Ms (A/m)
0	0	0	1	300	0	1e+06
5e-13	0.19701043	-0.009749143	0.98035085	300.19507	1.5833504e+12	999742.8
1e-12	0.19481687	-0.023521489	0.98055553	300.97232	2.3132562e+12	998716.75
1.5499999999999999e-12	0.19222629	-0.044400733	0.9803437	302.30466	3.1357574e+12	996953.56
2.05e-12	0.18978977	-0.06946171	0.97936267	304.6081	4.0901314e+12	993892.5
2.55e-12	0.18739012	-0.10087492	0.9770905	308.29678	5.133437e+12	988956.7
3.0499999999999997e-12	0.18515582	-0.13877456	0.9728597	313.7677	6.19948e+12	981559.7
3.5499999999999996e-12	0.18320258	-0.18276301	0.96593565	321.28253	7.2040784e+12	971251.2
4.05e-12	0.18160869	-0.23183636	0.95565045	330.8417	8.055226e+12	957892.56
4.55e-12	0.18041508	-0.2843974	0.94157654	342.10153	8.6666867e+12	941807.44
5.05e-12	0.17966288	-0.3383807	0.92369807	354.3816	8.972317e+12	923837.56
5.5499999999999996e-12	0.17945541	-0.39149368	0.9025113	366.77945	8.937832e+12	905247.6
6.0499999999999995e-12	0.18000627	-0.44153494	0.8790011	378.36295	8.567141e+12	887476.5
6.549999999999999e-12	0.18163492	-0.48671097	0.8544701	388.37335	7.901613e+12	871808.44
7.049999999999999e-12	0.18470289	-0.5258566	0.8302754	396.36755	7.012481e+12	859091.2
7.500000000000003e-12	0.18894021	-0.5555375	0.8097386	402.25653	5.988303e+12	849607.2
8.000000000000011e-12	0.19550364	-0.5824117	0.7890316	406.24408	4.9205304e+12	843129.9
8.500000000000019e-12	0.20403422	-0.60339284	0.7708968	408.70724	3.8904175e+12	839106.44
9.000000000000027e-12	0.2144242	-0.61925405	0.755341	410.0707	2.9597607e+12	836872
9.500000000000035e-12	0.22645137	-0.63085985	0.74211	410.71466	2.1666717e+12	835814.9
1.0000000000000043e-11	0.23982663	-0.63905275	0.73081076	410.9295	1.5261798e+12	835461.94
1.0500000000000051e-11	0.2542391	-0.6445854	0.7210129	410.91034	1.0344141e+12	835493.4
1.1000000000000059e-11	0.26939186	-0.6480888	0.71231586	410.77423	6.746201e+11	835717
1.1500000000000067e-11	0.28502485	-0.65006465	0.70438546	410.5846	4.2335063e+11	836028.44
1.2000000000000075e-11	0.30092585	-0.65089315	0.6969654	410.3726	2.5563321e+11	836376.56
1.2500000000000083e-11	0.316932	-0.6508505	0.689872	410.1521	1.4852873e+11	836738.44
1.3000000000000091e-11	0.33292463	-0.65012914	0.6829827	409.92886	8.303854e+10	837104.7
1.3500000000000099e-11	0.3488215	-0.64885914	0.67622024	409.70505	4.4670943e+10	837471.75
1.4000000000000107e-11	0.36456758	-0.64712596	0.6695393	409.48135	2.312313e+10	837838.44
1.4500000000000115e-11	0.38012716	-0.6449856	0.6629155	409.25803	1.151713e+10	838204.44
1.500000000000011e-11	0.39547712	-0.6424757	0.6563372	409.01288	5.117473e+09	838606
1.55000000000001e-11	0.410602	-0.6396225	0.64980006	408.7461	2.0029108e+09	839042.9
1.6000000000000093e-11	0.42549407	-0.63644373	0.6433043	408.61295	1.227252e+09	839260.8
1.6500000000000085e-11	0.44014683	-0.6329548	0.63685167	408.3471	4.4199386e+08	839695.75
1.7000000000000077e-11	0.45455417	-0.62917054	0.6304448	408.08194	1.50597e+08	840129.44
1.750000000000007e-11	0.46871388	-0.6251021	0.62408733	407.9496	8.609649e+07	840345.8
1.800000000000006e-11	0.48262313	-0.6207612	0.6177823	407.6854	2.6993668e+07	840777.6
1.8500000000000052e-11	0.49627835	-0.6161607	0.61153275	407.42184	8.0067445e+06	841208.2
1.9000000000000044e-11	0.50967926	-0.61131036	0.60534215	407.2903	4.2709265e+06	841423
1.9500000000000036e-11	0.52282435	-0.60622096	0.5992136	407.02774	1.1657155e+06	841851.7
2.0000000000000028e-11	0.5357116	-0.60090435	0.59314954	406.76578	301009.8	842279.1
2.050000000000002e-11	0.5483415	-0.59536994	0.5871532	406.63507	149811.03	842492.4
2.100000000000001e-11	0.5607139	-0.5896273	0.5812271	406.37408	35596.582	842918
2.1500000000000003e-11	0.5728277	-0.58368814	0.57537365	406.11374	8001.849	843342.3
2.2049999999999994e-11	0.5858554	-0.57693815	0.5690217	405.9838	3715.7842	843554.06
2.2549999999999986e-11	0.5974304	-0.57061327	0.5633289	405.72443	768.6152	843976.56
2.3049999999999978e-11	0.6087488	-0.5641205	0.5577159	405.46567	150.41289	844397.9
2.354999999999997e-11	0.6198119	-0.55746865	0.5521844	405.33652	65.16917	844608.06
2.404999999999996e-11	0.630623	-0.55066323	0.54673743	405.07874	11.735312	845027.5
2.4549999999999953e-11	0.64118177	-0.5437153	0.5413758	404.82156	1.9992391	845445.75
2.5049999999999945e-11	0.6514901	-0.5366329	0.5361015	404.6932	0.80820006	845654.44
2.5549999999999937e-11	0.6615517	-0.5294205	0.5309169	404.43698	0.12669672	846070.9
2.604999999999993e-11	0.6713669	-0.52208865	0.5258229	404.18137	0.018790115	846486.1
2.654999999999992e-11	0.68093795	-0.5146444	0.520821	404.0538	0.007087296	846693.25
2.7049999999999912e-11	0.69026893	-0.5070914	0.51591325	403.79913	0.0009672106	847106.75
2.7549999999999904e-11	0.6993607	-0.49943933	0.5111004	403.5451	0.00012487604	847518.94
2.8049999999999896e-11	0.7082158	-0.49169436	0.5063838	403.4183	4.3946802e-05	847724.6
2.8549999999999888e-11	0.71683866	-0.4838596	0.50176513	403.1652	5.2210967e-06	848135.1
2.904999999999988e-11	0.7252304	-0.4759437	0.49724516	402.91272	5.868321e-07	848544.4
2.95499999999999e-11	0.7333949	-0.46794993	0.4928253	402.70276	9.100759e-08	848884.56
3.0049999999999925e-11	0.74133456	-0.45988485	0.48850632	402.49323	1.3580555e-08	849223.94
3.054999999999995e-11	0.74905217	-0.45175335	0.4842893	402.28412	1.9499953e-09	849562.5
3.104999999999997e-11	0.7565508	-0.44356015	0.48017517	402.07547	2.694174e-10	849900.25
3.155e-11	0.76383346	-0.43530986	0.4761646	401.86722	3.5817387e-11	850237.2
3.200000000000002e-11	0.77020556	-0.42783952	0.47264448	401.6594	4.5818223e-12	850573.3
3.250000000000004e-11	0.77708626	-0.4194923	0.46883333	401.452	5.639735e-13	850908.7
3.300000000000007e-11	0.7837595	-0.4110997	0.46512815	401.245	6.679674e-14	851243.2
3.350000000000009e-11	0.7902286	-0.40266538	0.4615296	401.03845	7.612511e-15	851576.9
3.4000000000000115e-11	0.7964965	-0.3941928	0.45803857	400.83234	8.3478903e-16	851909.8
3.450000000000014e-11	0.8025661	-0.38568524	0.45465556	400.62662	8.8084935e-17	852241.94
3.5000000000000163e-11	0.8084404	-0.3771456	0.45138118	400.42133	8.9434e-18	852573.25
3.550000000000019e-11	0.81412244	-0.3685768	0.44821602	400.21643	8.737351e-19	852903.75
3.600000000000021e-11	0.81961477	-0.35998145	0.44516063	400.012	8.21359e-20	853233.5
3.6500000000000236e-11	0.82492054	-0.35136202	0.4422157	399.80795	7.429547e-21	853562.44
3.700000000000026e-11	0.8300424	-0.34272087	0.43938157	399.60434	6.4664784e-22	853890.6
3.7500000000000284e-11	0.834983	-0.33406004	0.4366587	399.40112	5.415635e-23	854218
3.800000000000031e-11	0.839745	-0.3253815	0.43404773	399.19833	4.3642247e-24	854544.56
3.850000000000033e-11	0.84433115	-0.3166871	0.43154895	398.99594	3.384082e-25	854870.4
3.9000000000000356e-11	0.84874386	-0.3079785	0.42916298	398.79398	2.5249384e-26	855195.4
3.950000000000038e-11	0.85298556	-0.29925716	0.42689008	398.59244	1.8127454e-27	855519.6
4.0000000000000405e-11	0.8570586	-0.29052448	0.42473087	398.3913	1.2522728e-28	855843.06
4.050000000000043e-11	0.86096525	-0.2817817	0.4226855	398.19055	8.324098e-30	856165.75
4.100000000000045e-11	0.8647078	-0.27302995	0.42075464	397.99023	5.324165e-31	856487.7
4.150000000000048e-11	0.8682883	-0.2642702	0.41893855	397.7903	3.27674e-32	856808.9
4.20000000000005e-11	0.87170875	-0.25550327	0.41723755	397.59082	1.9404772e-33	857129.25
4.2500000000000525e-11	0.8749711	-0.24673004	0.41565216	397.39172	1.1057354e-34	857448.9
4.300000000000055e-11	0.8780772	-0.23795106	0.41418272	397.19302	6.062755e-36	857767.7
4.3500000000000574e-11	0.8810288	-0.22916694	0.4128296	396.99472	3.1986368e-37	858085.8
4.40000000000006e-11	0.88382745	-0.2203781	0.41159323	396.79684	1.6238127e-38	858403.1
4.450000000000062e-11	0.8864746	-0.21158499	0.4104739	396.59937	7.93201e-40	858719.7
4.5000000000000646e-11	0.8889716	-0.20278788	0.40947202	396.40228	3.7283e-41	859035.56
4.550000000000067e-11	0.89132017	-0.19398695	0.40858802	396.20563	1.686e-42	859350.6
4.6000000000000694e-11	0.893521	-0.18518236	0.40782225	396.00934	7.3e-44	859664.94
4.650000000000072e-11	0.8955755	-0.17637421	0.40717512	395.81348	3e-45	859978.5
4.700000000000074e-11	0.89748466	-0.16756254	0.40664697	395.618	0	860291.3
4.7500000000000767e-11	0.8992491	-0.15874727	0.40623823	395.4229	0	860603.4
4.800000000000079e-11	0.90086955	-0.14992832	0.40594926	395.22824	0	860914.7
4.8500000000000815e-11	0.9023468	-0.14110559	0.40578046	395.03397	0	861225.25
4.900000000000084e-11	0.9036813	-0.13227887	0.4057323	394.8401	0	861535.1
4.950000000000086e-11	0.9048734	-0.123448014	0.4058051	394.6466	0	861844.25
5.000000000000089e-11	0.9059231	-0.11461277	0.40599933	394.4535	0	862152.56
5.050000000000091e-11	0.90683097	-0.10577287	0.40631548	394.2608	0	862460.25
5.1000000000000935e-11	0.9075967	-0.09692811	0.40675375	394.0685	0	862767.1
5.150000000000096e-11	0.90822023	-0.08807816	0.40731478	393.8766	0	863073.3
5.2000000000000984e-11	0.9087014	-0.07922279	0.4079988	393.68506	0	863378.75
5.250000000000101e-11	0.9090397	-0.070361696	0.40880644	393.49393	0	863683.44
5.300000000000103e-11	0.9092345	-0.06149463	0.40973797	393.3032	0	863987.44
5.3500000000001056e-11	0.90928537	-0.052621346	0.4107939	393.11285	0	864290.7
5.400000000000108e-11	0.9091914	-0.04374162	0.41197464	392.92288	0	864593.25
5.4500000000001104e-11	0.9089519	-0.034855254	0.41328064	392.7333	0	864895.06
5.500000000000113e-11	0.90856546	-0.025962088	0.41471228	392.54413	0	865196.2
5.550000000000115e-11	0.9080311	-0.017062007	0.41626996	392.35532	0	865496.56
5.6000000000001177e-11	0.9073477	-0.008154937	0.41795418	392.1669	0	865796.25
5.65000000000012e-11	0.90651345	0.0007591265	0.41976532	391.97885	0	866095.25
5.7000000000001225e-11	0.9055271	0.009680137	0.42170376	391.7912	0	866393.5
5.750000000000125e-11	0.9043868	0.018607968	0.42376992	391.60394	0	866691.06
5.800000000000127e-11	0.9030908	0.027542418	0.4259642	391.41705	0	866987.9
5.85000000000013e-11	0.90163696	0.036483195	0.42828694	391.23056	0	867284.06
5.900000000000132e-11	0.9000233	0.04542991	0.43073848	391.04443	0	867579.5
5.950000000000135e-11	0.8982477	0.054382086	0.4333192	390.85867	0	867874.2
6.000000000000137e-11	0.89630765	0.0633391	0.43602937	390.6733	0	868168.25
6.05000000000014e-11	0.8942009	0.072300225	0.43886942	390.48834	0	868461.56
6.100000000000142e-11	0.89192474	0.08126462	0.44183946	390.30374	0	868754.25
6.150000000000144e-11	0.88947654	0.09023129	0.4449398	390.1195	0	869046.2
6.200000000000147e-11	0.8868535	0.09919907	0.44817063	389.93564	0	869337.44
6.250000000000149e-11	0.88405234	0.10816667	0.45153219	389.75217	0	869628
6.300000000000151e-11	0.8810706	0.1171326	0.45502448	389.56906	0	869917.9
6.350000000000154e-11	0.87790483	0.1260952	0.4586477	389.38632	0	870207.06
6.400000000000156e-11	0.8745519	0.13505264	0.46240196	389.20395	0	870495.56
6.450000000000159e-11	0.87100834	0.14400285	0.4662872	389.02197	0	870783.44
6.500000000000161e-11	0.8672709	0.15294361	0.47030327	388.84036	0	871070.56
6.550000000000163e-11	0.8633361	0.16187239	0.47445023	388.6591	0	871357
6.600000000000166e-11	0.8592004	0.17078653	0.47872788	388.4782	0	871642.8
6.650000000000168e-11	0.85486007	0.17968301	0.48313585	388.29773	0	871927.94
6.700000000000171e-11	0.8503116	0.18855864	0.48767394	388.11758	0	872212.4
6.750000000000173e-11	0.8455513	0.19740999	0.49234185	387.9378	0	872496.1
6.800000000000176e-11	0.84057534	0.2062332	0.49713895	387.7584	0	872779.25
6.850000000000178e-11	0.83538	0.21502434	0.50206476	387.57935	0	873061.6
6.90000000000018e-11	0.82996166	0.22377896	0.50711864	387.4007	0	873343.44
6.950000000000183e-11	0.8243164	0.23249246	0.51229984	387.22238	0	873624.5
7.000000000000185e-11	0.8184407	0.24115984	0.5176075	387.04443	0	873904.94
7.050000000000188e-11	0.8123308	0.24977583	0.5230408	386.86685	0	874184.7
7.10000000000019e-11	0.80598295	0.25833476	0.5285984	386.68964	0	874463.8
7.150000000000192e-11	0.7993939	0.2668306	0.53427935	386.51276	0	874742.25
7.200000000000195e-11	0.7925601	0.27525702	0.5400823	386.33627	0	875020.06
7.250000000000197e-11	0.78547806	0.28360733	0.5460057	386.16013	0	875297.2
7.3000000000002e-11	0.77814484	0.29187444	0.552048	385.98434	0	875573.7
7.350000000000202e-11	0.7705573	0.3000508	0.5582075	385.80893	0	875849.5
7.400000000000205e-11	0.76271266	0.30812863	0.5644822	385.63388	0	876124.7
7.450000000000207e-11	0.75460833	0.31609958	0.57087016	385.45917	0	876399.2
7.500000000000209e-11	0.7462419	0.32395515	0.57736915	385.28482	0	876673.1
7.550000000000212e-11	0.7376114	0.3316862	0.58397675	385.1108	0	876946.3
7.600000000000214e-11	0.72871494	0.33928344	0.5906905	384.9372	0	877218.94
7.650000000000217e-11	0.719551	0.34673685	0.5975074	384.7639	0	877490.9
7.700000000000219e-11	0.71011853	0.35403642	0.6044248	384.59097	0	877762.2
7.750000000000221e-11	0.70041686	0.3611714	0.6114394	384.4184	0	878032.9
7.800000000000224e-11	0.6904458	0.36813098	0.6185479	384.24615	0	878302.94
7.850000000000226e-11	0.6802054	0.3749037	0.62574685	384.07428	0	878572.3
7.900000000000229e-11	0.6696964	0.38147807	0.63303244	383.90277	0	878841.06
7.950000000000231e-11	0.65892005	0.38784194	0.6404007	383.7316	0	879109.25
8.000000000000233e-11	0.64787817	0.393983	0.6478475	383.56076	0	879376.75
8.050000000000236e-11	0.6365732	0.39988866	0.6553684	383.3903	0	879643.6
8.100000000000238e-11	0.6250081	0.405546	0.6629588	383.22015	0	879909.9
8.150000000000241e-11	0.6131868	0.410942	0.6706139	383.05038	0	880175.5
8.200000000000243e-11	0.60111356	0.41606316	0.6783286	382.88095	0	880440.5
8.250000000000246e-11	0.5887938	0.42089602	0.68609756	382.71185	0	880704.9
8.300000000000248e-11	0.5762334	0.42542696	0.69391555	382.54312	0	880968.6
8.35000000000025e-11	0.56343913	0.42964226	0.7017765	382.37473	0	881231.75
8.400000000000253e-11	0.55041885	0.43352798	0.7096747	382.20667	0	881494.3
8.450000000000255e-11	0.537181	0.4370703	0.7176038	382.03894	0	881756.2
8.500000000000258e-11	0.52373505	0.4402556	0.7255575	381.87158	0	882017.5
8.55000000000026e-11	0.5100915	0.44307023	0.7335292	381.70456	0	882278.2
8.600000000000262e-11	0.49626154	0.4455006	0.74151236	381.53787	0	882538.25
8.650000000000265e-11	0.4822575	0.44753355	0.7494997	381.37152	0	882797.7
8.700000000000267e-11	0.46809274	0.44915602	0.7574841	381.2055	0	883056.5
8.75000000000027e-11	0.4537815	0.4503555	0.76545846	381.03983	0	883314.75
8.800000000000272e-11	0.43933895	0.45111975	0.7734151	380.87448	0	883572.4
8.850000000000274e-11	0.42478132	0.45143723	0.7813464	380.7095	0	883829.44
8.900000000000277e-11	0.41012594	0.4512968	0.7892448	380.54483	0	884085.9
8.950000000000279e-11	0.39539075	0.450688	0.7971022	380.38052	0	884341.7
9.000000000000282e-11	0.3805951	0.44960132	0.8049108	380.21652	0	884596.94
9.050000000000284e-11	0.36575878	0.44802788	0.81266236	380.0529	0	884851.56
9.100000000000287e-11	0.35090274	0.44595966	0.820349	379.88956	0	885105.56
9.150000000000289e-11	0.33604875	0.44338968	0.8279624	379.72656	0	885359.06
9.200000000000291e-11	0.32121924	0.44031215	0.8354945	379.56393	0	885611.9
9.250000000000294e-11	0.30643743	0.43672216	0.8429371	379.4016	0	885864.1
9.300000000000296e-11	0.2917273	0.43261608	0.850282	379.2396	0	886115.8
9.350000000000299e-11	0.27711323	0.42799172	0.85752124	379.07794	0	886366.9
9.400000000000301e-11	0.2626203	0.42284793	0.86464655	378.91663	0	886617.4
9.450000000000303e-11	0.24827398	0.41718513	0.8716502	378.7556	0	886867.3
9.500000000000306e-11	0.23410001	0.4110051	0.87852454	378.59494	0	887116.6
9.550000000000308e-11	0.22012445	0.4043112	0.88526165	378.4346	0	887365.4
9.60000000000031e-11	0.2063735	0.3971082	0.8918542	378.27457	0	887613.5
9.650000000000313e-11	0.19287343	0.38940242	0.8982949	378.1149	0	887861.06
9.700000000000315e-11	0.1796504	0.38120183	0.9045768	377.95554	0	888108.06
9.750000000000318e-11	0.16673039	0.372516	0.910693	377.79648	0	888354.5
9.80000000000032e-11	0.1541392	0.36335602	0.91663694	377.63776	0	888600.4
9.850000000000323e-11	0.14190206	0.3537346	0.9224025	377.47937	0	888845.6
9.900000000000325e-11	0.13004376	0.34366605	0.9279838	377.32132	0	889090.4
9.950000000000328e-11	0.118588455	0.3331662	0.9333755	377.16357	0	889334.5
1.000000000000033e-10	0.107559495	0.32225248	0.9385719	377.00613	0	889578.06
1.0050000000000332e-10	0.09697937	0.31094366	0.9435686	376.84903	0	889821.06
1.0100000000000335e-10	0.08686959	0.2992601	0.9483611	376.69226	0	890063.5
1.0150000000000337e-10	0.07725056	0.28722343	0.95294553	376.5358	0	890305.3
1.020000000000034e-10	0.06814147	0.2748565	0.9573181	376.37964	0	890546.6
1.0250000000000342e-10	0.059560206	0.26218358	0.9614759	376.22382	0	890787.4
1.0300000000000344e-10	0.051523317	0.24922982	0.9654162	376.0683	0	891027.56
1.0350000000000347e-10	0.044045802	0.23602156	0.9691369	375.91312	0	891267.2
1.0400000000000349e-10	0.03714117	0.22258599	0.97263616	375.75824	0	891506.25
1.0450000000000352e-10	0.030821277	0.20895113	0.97591263	375.6037	0	891744.75
1.0500000000000354e-10	0.025096316	0.19514568	0.97896576	375.44943	0	891982.7
1.0550000000000356e-10	0.019974757	0.18119898	0.9817953	375.29553	0	892220.06
1.0600000000000359e-10	0.015463308	0.16714074	0.984401	375.1419	0	892456.94
1.0650000000000361e-10	0.0115668895	0.15300104	0.9867839	374.98862	0	892693.25
1.0700000000000364e-10	0.008288615	0.13881017	0.988945	374.8356	0	892928.94
1.0750000000000366e-10	0.0056297854	0.12459847	0.9908858	374.68295	0	893164.2
1.0800000000000369e-10	0.0035898937	0.11039628	0.9926083	374.53058	0	893398.8
1.0850000000000371e-10	0.0021666382	0.0962337	0.9941152	374.3785	0	893632.94
1.0900000000000373e-10	0.0013559485	0.082140595	0.995409	374.22678	0	893866.5
1.0950000000000376e-10	0.0011520161	0.0681464	0.99649304	374.07535	0	894099.5
1.1000000000000378e-10	0.0015473395	0.054279987	0.99737126	373.92422	0	894331.94
1.105000000000038e-10	0.0025327748	0.04056963	0.99804735	373.7734	0	894563.9
1.1100000000000383e-10	0.004097596	0.027042847	0.99852604	373.6229	0	894795.3
1.1150000000000385e-10	0.0062295613	0.013726315	0.9988118	373.4727	0	895026.2
1.1200000000000388e-10	0.008914986	0.00064577773	0.99890983	373.3228	0	895256.5
1.125000000000039e-10	0.012138822	-0.012174034	0.9988255	373.17322	0	895486.25
1.1300000000000393e-10	0.01588475	-0.024709478	0.9985646	373.02393	0	895715.5
1.1350000000000395e-10	0.020135254	-0.036938082	0.9981327	372.87494	0	895944.25
1.1400000000000397e-10	0.02487173	-0.048838574	0.9975361	372.7263	0	896172.44
1.14500000000004e-10	0.030074565	-0.060390975	0.9967811	372.5779	0	896400.1
1.1500000000000402e-10	0.035723254	-0.071576595	0.99587435	372.42984	0	896627.25
1.1550000000000405e-10	0.041796483	-0.082378134	0.9948225	372.28207	0	896853.9
1.1600000000000407e-10	0.04827223	-0.09277964	0.9936325	372.1346	0	897079.94
1.1650000000000407e-10	0.055127878	-0.10276654	0.9923111	371.98743	0	897305.5
1.1700000000000396e-10	0.062340077	-0.11232593	0.9908654	371.8993	0	897440.56
1.1750000000000386e-10	0.0698856	-0.12144578	0.9893029	371.72333	0	897710.2
1.1800000000000375e-10	0.0777403	-0.13011609	0.98763037	371.5478	0	897979
1.1850000000000365e-10	0.085880384	-0.13832766	0.98585534	371.46017	0	898113.1
1.1900000000000354e-10	0.09428166	-0.14607292	0.9839853	371.28528	0	898380.9
1.1950000000000344e-10	0.10291956	-0.15334606	0.9820272	371.1108	0	898647.8
1.2000000000000333e-10	0.111770146	-0.16014193	0.9799883	371.02374	0	898781.06
1.2050000000000323e-10	0.12080937	-0.16645694	0.97787625	370.8499	0	899046.9
1.2100000000000312e-10	0.13001288	-0.17228925	0.9756978	370.6765	0	899312
1.2150000000000302e-10	0.13935742	-0.1776375	0.97346056	370.59	0	899444.3
1.2200000000000291e-10	0.14881963	-0.18250173	0.97117126	370.4172	0	899708.3
1.225000000000028e-10	0.1583761	-0.18688382	0.96883696	370.24487	0	899971.6
1.230000000000027e-10	0.1680047	-0.19078563	0.9664645	370.15887	0	900103
1.235000000000026e-10	0.1776834	-0.19421059	0.96406096	369.98715	0	900365.2
1.240000000000025e-10	0.1873902	-0.19716369	0.96163267	369.81586	0	900626.7
1.245000000000024e-10	0.19710453	-0.1996497	0.95918626	369.73038	0	900757.1
1.2500000000000228e-10	0.20680608	-0.20167486	0.9567281	369.55972	0	901017.5
1.2550000000000218e-10	0.21647461	-0.20324692	0.9542643	369.3895	0	901277.2
1.2600000000000207e-10	0.2260915	-0.20437305	0.95180094	369.3045	0	901406.75
1.2650000000000197e-10	0.23563837	-0.20506184	0.94934404	369.1349	0	901665.3
1.2700000000000186e-10	0.24509706	-0.2053232	0.94689935	368.9657	0	901923.2
1.2750000000000176e-10	0.254451	-0.20516631	0.944472	368.88126	0	902051.9
1.2800000000000165e-10	0.26368397	-0.20460156	0.94206786	368.71268	0	902308.6
1.2850000000000155e-10	0.27278	-0.20364067	0.9396917	368.5445	0	902564.75
1.2900000000000144e-10	0.28172472	-0.20229426	0.9373487	368.46057	0	902692.5
1.2950000000000134e-10	0.29050404	-0.20057414	0.9350437	368.29303	0	902947.56
1.3000000000000123e-10	0.29910433	-0.19849335	0.9327809	368.1259	0	903201.9
1.3050000000000113e-10	0.30751333	-0.19606353	0.930565	368.04245	0	903328.75
1.3100000000000102e-10	0.31571922	-0.19329758	0.9284001	367.87595	0	903582.06
1.3150000000000092e-10	0.3237105	-0.19020937	0.92629015	367.7098	0	903834.6
1.320000000000008e-10	0.33147714	-0.18681137	0.92423874	367.6269	0	903960.6
1.325000000000007e-10	0.3390094	-0.18311703	0.92224985	367.4614	0	904212.1
1.330000000000006e-10	0.3462981	-0.17914082	0.92032635	367.2963	0	904463
1.335000000000005e-10	0.35333493	-0.17489558	0.9184716	367.2139	0	904588.1
1.340000000000004e-10	0.36011237	-0.1703952	0.9166886	367.04938	0	904837.94
1.3450000000000029e-10	0.3666232	-0.16565436	0.91497993	366.88528	0	905087
1.3500000000000018e-10	0.37286118	-0.16068608	0.9133485	366.80338	0	905211.3
1.3550000000000007e-10	0.3788206	-0.15550427	0.9117961	366.6399	0	905459.4
1.3604999999999996e-10	0.38504782	-0.14957508	0.91018283	366.4768	0	905706.75
1.3654999999999985e-10	0.39040583	-0.14399175	0.90880376	366.3954	0	905830.2
1.3704999999999975e-10	0.39547127	-0.1382369	0.90751	366.2329	0	906076.56
1.3754999999999964e-10	0.4002405	-0.13232623	0.9063031	366.0708	0	906322.25
1.3804999999999954e-10	0.40471074	-0.1262734	0.90518445	365.9899	0	906444.9
1.3854999999999943e-10	0.40887988	-0.12009001	0.904155	365.8284	0	906689.5
1.3904999999999933e-10	0.41274583	-0.11379151	0.90321594	365.6673	0	906933.5
1.3954999999999922e-10	0.41630745	-0.10739122	0.9023677	365.58688	0	907055.25
1.4004999999999912e-10	0.41956398	-0.100900345	0.90161157	365.42636	0	907298.25
1.4054999999999901e-10	0.4225149	-0.09433395	0.9009472	365.26624	0	907540.56
1.410499999999989e-10	0.42516038	-0.08770494	0.9003751	365.1863	0	907661.5
1.415499999999988e-10	0.42750108	-0.08102405	0.8998958	365.02676	0	907902.8
1.420499999999987e-10	0.42953792	-0.07430586	0.8995086	364.8676	0	908143.44
1.425499999999986e-10	0.43127236	-0.06756277	0.8992134	364.7882	0	908263.56
1.430499999999985e-10	0.4327061	-0.060804985	0.8990098	364.62964	0	908503.2
1.4354999999999838e-10	0.43384156	-0.05404654	0.8988974	364.47147	0	908742.2
1.4404999999999828e-10	0.43468133	-0.047299255	0.89887506	364.39252	0	908861.44
1.4454999999999817e-10	0.4352283	-0.04057278	0.89894235	364.23492	0	909099.5
1.4504999999999807e-10	0.43548593	-0.0338805	0.8990979	364.07773	0	909336.8
1.4554999999999796e-10	0.4354582	-0.027233604	0.89934057	363.99927	0	909455.25
1.4604999999999786e-10	0.43514875	-0.020641128	0.8996692	363.84262	0	909691.7
1.4654999999999775e-10	0.43456256	-0.014115763	0.90008193	363.68637	0	909927.4
1.4704999999999765e-10	0.4337043	-0.007668009	0.90057737	363.6084	0	910045
1.4754999999999754e-10	0.4325789	-0.001306222	0.9011538	363.4527	0	910279.8
1.4804999999999744e-10	0.43119222	0.004957659	0.9018093	363.29742	0	910513.94
1.4854999999999733e-10	0.4295501	0.011113887	0.9025418	363.2199	0	910630.75
1.4904999999999723e-10	0.4276583	0.017154844	0.9033493	363.0652	0	910863.9
1.4954999999999712e-10	0.42552367	0.023069432	0.9042295	362.91083	0	911096.4
1.5004999999999702e-10	0.42315313	0.02884872	0.9051799	362.8338	0	911212.44
1.505499999999969e-10	0.42055318	0.03448588	0.9061984	362.68002	0	911444
1.510499999999968e-10	0.4177318	0.03997075	0.90728205	362.5266	0	911674.94
1.515499999999967e-10	0.4146966	0.0452953	0.90842825	362.45007	0	911790.1
1.520499999999966e-10	0.41145507	0.050453573	0.9096347	362.2972	0	912020.1
1.525499999999965e-10	0.40801606	0.055436417	0.91089803	362.14474	0	912249.44
1.5304999999999639e-10	0.40438798	0.060236797	0.9122154	362.06866	0	912363.9
1.5354999999999628e-10	0.40057907	0.06484973	0.91358405	361.91675	0	912592.3
1.5404999999999617e-10	0.3965989	0.069267154	0.9150008	361.7652	0	912820.06
1.5454999999999607e-10	0.39245683	0.07348315	0.91646236	361.68958	0	912933.75
1.5504999999999596e-10	0.3881616	0.07749375	0.91796595	361.5386	0	913160.56
1.5554999999999586e-10	0.38372356	0.08129215	0.91950786	361.388	0	913386.8
1.5604999999999575e-10	0.3791527	0.084873594	0.9210852	361.31284	0	913499.7
1.5654999999999565e-10	0.37445837	0.0882353	0.92269444	361.16278	0	913725
1.5704999999999554e-10	0.3696514	0.091371715	0.92433226	361.01306	0	913949.6
1.5754999999999544e-10	0.36474243	0.09427942	0.92599523	360.93835	0	914061.75
1.5804999999999533e-10	0.3597411	0.09695683	0.9276801	360.7892	0	914285.5
1.5854999999999523e-10	0.35465887	0.09939984	0.92938346	360.64044	0	914508.7
1.5904999999999512e-10	0.34950656	0.101606384	0.93110156	360.5662	0	914620
1.5954999999999502e-10	0.34429425	0.10357621	0.9328316	360.41797	0	914842.25
1.6004999999999491e-10	0.33903363	0.10530668	0.9345696	360.2701	0	915063.9
1.605499999999948e-10	0.33373567	0.1067972	0.93631244	360.1963	0	915174.44
1.610499999999947e-10	0.32841054	0.10804886	0.9380569	360.04898	0	915395.1
1.615499999999946e-10	0.32307008	0.109060645	0.93979937	359.902	0	915615.25
1.620499999999945e-10	0.31772518	0.10983334	0.9415367	359.82867	0	915725.06
1.625499999999944e-10	0.31238595	0.11036952	0.9432657	359.68222	0	915944.3
1.6304999999999428e-10	0.30706412	0.110669695	0.9449831	359.53616	0	916162.9
1.6354999999999418e-10	0.30177033	0.11073621	0.9466858	359.46326	0	916272
1.6404999999999407e-10	0.29651445	0.11057301	0.94837075	359.31775	0	916489.7
1.6454999999999397e-10	0.2913077	0.1101822	0.950035	359.17255	0	916706.8
1.6504999999999386e-10	0.28616038	0.10956756	0.95167553	359.1001	0	916815.1
1.6554999999999376e-10	0.28108183	0.10873445	0.9532897	358.95547	0	917031.4
1.6604999999999365e-10	0.2760826	0.10768648	0.95487463	358.8112	0	917247
1.6654999999999355e-10	0.27117237	0.10642884	0.95642763	358.73917	0	917354.6
1.6704999999999344e-10	0.2663597	0.10496821	0.95794654	358.5954	0	917569.4
1.6754999999999334e-10	0.2616543	0.10330957	0.9594285	358.452	0	917783.56
1.6804999999999323e-10	0.25706497	0.101459436	0.9608716	358.38043	0	917890.44
1.6854999999999313e-10	0.25259924	0.09942568	0.9622732	358.23755	0	918103.75
1.6904999999999302e-10	0.24826588	0.09721455	0.9636317	358.095	0	918316.44
1.6954999999999292e-10	0.24407242	0.0948337	0.9649449	358.02386	0	918422.56
1.700499999999928e-10	0.24002539	0.09229204	0.96621126	357.88187	0	918634.44
1.705499999999927e-10	0.23613222	0.0895969	0.9674288	357.7402	0	918845.7
1.710499999999926e-10	0.23239917	0.08675686	0.9685963	357.6695	0	918951.1
1.715499999999925e-10	0.22883148	0.08378171	0.969712	357.52835	0	919161.56
1.720499999999924e-10	0.22543508	0.0806796	0.97077495	357.38757	0	919371.4
1.7254999999999229e-10	0.22221488	0.07745988	0.971784	357.3173	0	919476.06
1.7304999999999218e-10	0.21917465	0.0741329	0.972738	357.17703	0	919685.06
1.7354999999999207e-10	0.21631876	0.07070746	0.9736364	357.03708	0	919893.5
1.7404999999999197e-10	0.21365058	0.06719335	0.9744784	356.96725	0	919997.5
1.7454999999999186e-10	0.21117242	0.063601315	0.9752636	356.82782	0	920205
1.7504999999999176e-10	0.20888709	0.059940483	0.9759913	356.68875	0	920412
1.7554999999999165e-10	0.20679624	0.05622084	0.9766616	356.61932	0	920515.3
1.7604999999999155e-10	0.20490076	0.05245327	0.97727436	356.48074	0	920721.5
1.7654999999999144e-10	0.20320173	0.048646923	0.97782964	356.34253	0	920927.06
1.7704999999999134e-10	0.2016993	0.044811763	0.9783273	356.27353	0	921029.6
1.7754999999999123e-10	0.20039275	0.040958498	0.9787679	356.1358	0	921234.4
1.7804999999999113e-10	0.19928165	0.037096076	0.9791519	355.9984	0	921438.6
1.7854999999999102e-10	0.19836462	0.033234145	0.97947985	355.92984	0	921540.5
1.7904999999999092e-10	0.19763944	0.029383011	0.9797524	355.79297	0	921743.9
1.7954999999999081e-10	0.1971042	0.025551166	0.97997046	355.6564	0	921946.7
1.800499999999907e-10	0.1967561	0.0217477	0.9801348	355.58826	0	922047.9
1.805499999999906e-10	0.19659156	0.017982278	0.9802468	355.4522	0	922249.9
1.810499999999905e-10	0.19660729	0.014262705	0.98030716	355.3165	0	922451.3
1.815499999999904e-10	0.1967992	0.0105973	0.9803176	355.24878	0	922551.8
1.820499999999903e-10	0.19716258	0.0069949115	0.9802789	355.11356	0	922752.44
1.8254999999999018e-10	0.19769287	0.0034624415	0.980193	354.97867	0	922952.5
1.8304999999999008e-10	0.19838484	7.2691214e-06	0.9800614	354.91135	0	923052.4
1.8354999999998997e-10	0.19923285	-0.0033627448	0.9798854	354.77695	0	923251.6
1.8404999999998987e-10	0.20023125	-0.0066417507	0.97966695	354.64288	0	923450.4
1.8454999999998976e-10	0.20137396	-0.009823454	0.97940755	354.576	0	923549.5
1.8504999999998966e-10	0.20265445	-0.012901097	0.97910935	354.4424	0	923747.44
1.8554999999998955e-10	0.20406635	-0.01587	0.97877383	354.30917	0	923944.8
1.8604999999998945e-10	0.20560281	-0.018725043	0.97840315	354.24268	0	924043.3
1.8654999999998934e-10	0.20725673	-0.02146066	0.9779992	354.10992	0	924239.9
1.8704999999998924e-10	0.20902115	-0.024073401	0.97756404	353.97748	0	924435.94
1.8754999999998913e-10	0.21088874	-0.026559394	0.9770996	353.9114	0	924533.75
1.8804999999998903e-10	0.21285203	-0.028914282	0.976608	353.77945	0	924729
1.8854999999998892e-10	0.21490371	-0.031135896	0.9760911	353.64783	0	924923.75
1.8904999999998882e-10	0.21703613	-0.033221602	0.97555125	353.58215	0	925020.9
1.895499999999887e-10	0.2192417	-0.035168275	0.9749906	353.45102	0	925214.8
1.900499999999886e-10	0.22151288	-0.036974996	0.9744111	353.3202	0	925408.25
1.905499999999885e-10	0.22384202	-0.038640358	0.97381467	353.2549	0	925504.75
1.910499999999884e-10	0.22622156	-0.040162425	0.97320366	353.12457	0	925697.4
1.915499999999883e-10	0.228644	-0.041541494	0.9725801	352.99454	0	925889.44
1.9204999999998819e-10	0.23110184	-0.042777345	0.97194594	352.92966	0	925985.3
1.9254999999998808e-10	0.23358764	-0.04386913	0.9713033	352.8001	0	926176.6
1.9304999999998798e-10	0.23609416	-0.044818316	0.97065413	352.6709	0	926367.44
1.9354999999998787e-10	0.23861426	-0.045625754	0.9700004	352.60638	0	926462.6
1.9404999999998776e-10	0.24114078	-0.046291657	0.9693442	352.47763	0	926652.7
1.9454999999998766e-10	0.24366689	-0.046818502	0.9686872	352.3492	0	926842.2
1.9504999999998755e-10	0.24618585	-0.047208153	0.9680314	352.28513	0	926936.75
1.9554999999998745e-10	0.24869111	-0.04746175	0.96737874	352.15714	0	927125.5
1.9604999999998734e-10	0.25117627	-0.047582716	0.96673065	352.0295	0	927313.75
1.9654999999998724e-10	0.25363517	-0.04757377	0.9660889	351.9658	0	927407.7
1.9704999999998713e-10	0.25606182	-0.047436856	0.9654554	351.8386	0	927595.2
1.9754999999998703e-10	0.2584505	-0.047176205	0.9648316	351.71173	0	927782.1
1.9804999999998692e-10	0.2607957	-0.046795294	0.96421885	351.6484	0	927875.44
1.9854999999998682e-10	0.26309207	-0.046296734	0.963619	351.522	0	928061.7
1.9904999999998671e-10	0.26533464	-0.045685448	0.96303314	351.3959	0	928247.4
1.995499999999866e-10	0.26751858	-0.044965517	0.9624626	351.33298	0	928340.06
2.000499999999865e-10	0.26963934	-0.044140108	0.9619087	351.20734	0	928525
2.005499999999864e-10	0.27169263	-0.043214682	0.9613728	351.08203	0	928709.5
2.010499999999863e-10	0.27367452	-0.042193808	0.9608558	351.01947	0	928801.5
2.015499999999862e-10	0.27558118	-0.041081063	0.9603589	350.89462	0	928985.25
2.0204999999998608e-10	0.2774091	-0.03988234	0.9598829	350.77005	0	929168.44
2.0254999999998598e-10	0.27915516	-0.038602524	0.95942885	350.7079	0	929259.9
2.0304999999998587e-10	0.28081632	-0.037245523	0.9589975	350.58377	0	929442.4
2.0354999999998577e-10	0.28238997	-0.03581749	0.95858955	350.46	0	929624.4
2.0404999999998566e-10	0.28387374	-0.03432354	0.95820576	350.3982	0	929715.2
2.0454999999998556e-10	0.2852654	-0.032767758	0.9578468	350.27484	0	929896.44
2.0504999999998545e-10	0.28656316	-0.031156437	0.95751303	350.1518	0	930077.2
2.0554999999998535e-10	0.28776547	-0.029494809	0.95720494	350.0904	0	930167.44
2.0604999999998524e-10	0.2888709	-0.027787024	0.9569229	349.9678	0	930347.44
2.0654999999998514e-10	0.28987843	-0.026039401	0.95666736	349.84552	0	930527
2.0704999999998503e-10	0.2907873	-0.024257168	0.9564383	349.7845	0	930616.6
2.0754999999998493e-10	0.29159686	-0.022444427	0.9562359	349.66263	0	930795.44
2.0804999999998482e-10	0.2923069	-0.020607434	0.95606047	349.54108	0	930973.8
2.0854999999998472e-10	0.29291737	-0.0187513	0.9559119	349.48044	0	931062.8
2.090499999999846e-10	0.29342833	-0.01687999	0.95579	349.3593	0	931240.44
2.095499999999845e-10	0.29384038	-0.014999574	0.9556948	349.23853	0	931417.56
2.100499999999844e-10	0.2941541	-0.013114958	0.9556261	349.17822	0	931505.94
2.105499999999843e-10	0.2943702	-0.011229887	0.9555835	349.05786	0	931682.4
2.110499999999842e-10	0.29449007	-0.009350164	0.955567	348.9378	0	931858.4
2.1154999999998409e-10	0.29451492	-0.007480404	0.95557594	348.8779	0	931946.2
2.1204999999998398e-10	0.29444614	-0.005624038	0.95561	348.75827	0	932121.44
2.1254999999998388e-10	0.29428554	-0.0037865192	0.95566875	348.63892	0	932296.2
2.1304999999998377e-10	0.29403508	-0.0019720981	0.9557515	348.57938	0	932383.44
2.1354999999998367e-10	0.29369667	-0.00018383368	0.9558578	348.46048	0	932557.5
2.1404999999998356e-10	0.29327273	0.001573247	0.955987	348.3419	0	932731.1
2.1454999999998345e-10	0.29276568	0.0032953247	0.95613825	348.28268	0	932817.75
2.1504999999998335e-10	0.29217792	0.0049797813	0.95631117	348.16452	0	932990.7
2.1554999999998324e-10	0.29151243	0.006622067	0.9565045	348.04663	0	933163.1
2.1604999999998314e-10	0.29077202	0.008218851	0.95671797	347.9878	0	933249.2
2.1654999999998303e-10	0.2899595	0.009768001	0.95695037	347.87036	0	933420.94
2.1704999999998293e-10	0.2890782	0.011265505	0.9572011	347.7532	0	933592.25
2.1754999999998282e-10	0.28813142	0.012708569	0.95746875	347.69473	0	933677.7
2.1804999999998272e-10	0.28712225	0.014095575	0.95775294	347.578	0	933848.3
2.1854999999998261e-10	0.2860544	0.015423092	0.9580525	347.46155	0	934018.5
2.190499999999825e-10	0.28493133	0.016688881	0.9583666	347.40344	0	934103.4
2.195499999999824e-10	0.28375643	0.017891891	0.9586939	347.2874	0	934272.8
2.200499999999823e-10	0.28253365	0.019029286	0.9590337	347.1717	0	934441.9
2.205499999999822e-10	0.2812667	0.020099418	0.9593849	347.11392	0	934526.2
2.210499999999821e-10	0.27995908	0.021101806	0.9597463	346.99863	0	934694.5
2.2154999999998198e-10	0.27861488	0.022034233	0.96011716	346.8836	0	934862.44
2.2204999999998188e-10	0.27723798	0.022895645	0.9604963	346.8262	0	934946.2
2.2254999999998177e-10	0.27583185	0.023686137	0.96088266	346.71158	0	935113.4
2.2304999999998167e-10	0.27440077	0.024404107	0.96127486	346.59726	0	935280.1
2.2354999999998156e-10	0.27294844	0.025049094	0.9616724	346.54022	0	935363.4
2.2404999999998146e-10	0.27147856	0.025621777	0.9620742	346.4263	0	935529.44
2.2454999999998135e-10	0.2699952	0.026121147	0.9624788	346.31268	0	935695.1
2.2504999999998125e-10	0.26850215	0.026547333	0.9628856	346.25598	0	935777.75
2.2554999999998114e-10	0.26700285	0.026901565	0.9632934	346.14276	0	935942.75
2.2604999999998104e-10	0.26550132	0.027183408	0.9637012	346.02985	0	936107.3
2.2654999999998093e-10	0.26400122	0.027393555	0.96410805	345.97348	0	936189.4
2.2704999999998083e-10	0.2625058	0.027533745	0.9645131	345.86096	0	936353.25
2.2754999999998072e-10	0.26101884	0.027604103	0.96491534	345.74872	0	936516.7
2.2804999999998062e-10	0.25954384	0.027605843	0.96531385	345.6927	0	936598.25
2.285499999999805e-10	0.2580838	0.027541162	0.96570784	345.58087	0	936761.06
2.290499999999804e-10	0.25664216	0.027410699	0.96609646	345.4693	0	936923.44
2.295499999999803e-10	0.25522214	0.02721612	0.9664789	345.41364	0	937004.44
2.300499999999802e-10	0.2538264	0.026960067	0.9668543	345.3025	0	937166.1
2.305499999999801e-10	0.2524582	0.02664362	0.96722203	345.19162	0	937327.4
2.3104999999997999e-10	0.2511202	0.026268838	0.96758133	345.1363	0	937407.9
2.3154999999997988e-10	0.24981481	0.02583873	0.96793157	345.02582	0	937568.5
2.3204999999997978e-10	0.24854478	0.02535475	0.968272	344.91562	0	937728.7
2.3254999999997967e-10	0.24731246	0.024819309	0.968602	344.86063	0	937808.6
2.3304999999997967e-10	0.24611986	0.02423569	0.9689212	344.75082	0	937968.2
2.335499999999798e-10	0.24496906	0.023606004	0.969229	344.65952	0	938100.8
2.3404999999998e-10	0.24386209	0.022932826	0.969525	344.56842	0	938233.2
2.3454999999998013e-10	0.24280068	0.02221888	0.9698086	344.47748	0	938365.25
2.350499999999803e-10	0.2417864	0.021466956	0.97007954	344.38675	0	938497
2.3554999999998044e-10	0.24082066	0.020679886	0.9703375	344.2962	0	938628.5
2.360499999999806e-10	0.23990476	0.019860558	0.9705821	344.2058	0	938759.7
2.3654999999998074e-10	0.23903984	0.019011889	0.970813	344.11563	0	938890.56
2.370499999999809e-10	0.2382268	0.018136816	0.9710302	344.02563	0	939021.2
2.3754999999998105e-10	0.23746647	0.017238302	0.9712333	343.93582	0	939151.5
2.380499999999812e-10	0.23675938	0.016319314	0.97142226	343.8462	0	939281.5
2.3854999999998136e-10	0.23610613	0.0153828105	0.97159696	343.7567	0	939411.25
2.390499999999815e-10	0.23550688	0.014431751	0.9717574	343.66745	0	939540.7
2.3954999999998166e-10	0.23496185	0.0134690795	0.9719037	343.57837	0	939669.8
2.400499999999818e-10	0.23447101	0.012497702	0.97203565	343.48947	0	939798.7
2.4054999999998197e-10	0.23403423	0.011520502	0.9721534	343.40073	0	939927.25
2.410499999999821e-10	0.23365115	0.010540312	0.972257	343.3122	0	940055.56
2.415499999999823e-10	0.23332132	0.009559922	0.9723467	343.22385	0	940183.56
2.4204999999998243e-10	0.23304416	0.008582064	0.97242266	343.13565	0	940311.3
2.425499999999826e-10	0.23281895	0.007609406	0.972485	343.04764	0	940438.75
2.4304999999998274e-10	0.23264478	0.006644547	0.97253406	342.95984	0	940565.9
2.435499999999829e-10	0.23252073	0.0056900084	0.97257	342.8722	0	940692.8
2.4404999999998304e-10	0.23244557	0.0047482313	0.9725933	342.78473	0	940819.4
2.445499999999832e-10	0.23241816	0.0038215683	0.97260404	342.69742	0	940945.7
2.4504999999998335e-10	0.23243716	0.0029122797	0.97260296	342.61032	0	941071.75
2.455499999999835e-10	0.23250109	0.0020225274	0.97259015	342.52338	0	941197.5
2.4604999999998366e-10	0.23260844	0.0011543746	0.972566	342.43665	0	941322.94
2.465499999999838e-10	0.23275758	0.00030976997	0.9725311	342.35007	0	941448.2
2.4704999999998396e-10	0.23294675	-0.0005094355	0.97248596	342.26367	0	941573.06
2.475499999999841e-10	0.23317422	-0.0013015055	0.9724307	342.17743	0	941697.75
2.4804999999998427e-10	0.2334381	-0.0020648246	0.97236615	342.0914	0	941822.1
2.485499999999844e-10	0.23373647	-0.0027978919	0.97229284	342.00552	0	941946.2
2.490499999999846e-10	0.23406735	-0.0034993256	0.97221094	341.91983	0	942070
2.4954999999998473e-10	0.23442873	-0.0041678683	0.97212124	341.8343	0	942193.56
2.500499999999849e-10	0.23481852	-0.0048023793	0.9720244	341.74893	0	942316.8
2.5054999999998504e-10	0.23523453	-0.005401843	0.9719205	341.66376	0	942439.8
2.510499999999852e-10	0.2356748	-0.0059653707	0.9718105	341.57877	0	942562.56
2.5154999999998534e-10	0.2361371	-0.006492185	0.97169495	341.49396	0	942685
2.520499999999855e-10	0.23661917	-0.006981643	0.97157425	341.4093	0	942807.2
2.5254999999998565e-10	0.23711896	-0.0074332166	0.97144896	341.3248	0	942929.1
2.530499999999858e-10	0.23763421	-0.007846503	0.9713197	341.2405	0	943050.75
2.5354999999998596e-10	0.23816279	-0.008221214	0.97118706	341.15637	0	943172.1
2.540499999999861e-10	0.23870254	-0.008557181	0.9710515	341.0724	0	943293.25
2.5454999999998626e-10	0.23925123	-0.008854352	0.97091377	340.98862	0	943414.06
2.550499999999864e-10	0.23980683	-0.009112784	0.97077423	340.905	0	943534.6
2.5554999999998657e-10	0.24036719	-0.009332646	0.97063345	340.82153	0	943654.94
2.560499999999867e-10	0.24093033	-0.0095142145	0.9704919	340.73825	0	943774.94
2.565499999999869e-10	0.24149422	-0.009657869	0.97035015	340.65515	0	943894.75
2.5704999999998703e-10	0.2420568	-0.009764086	0.9702088	340.5722	0	944014.25
2.575499999999872e-10	0.24261624	-0.009833442	0.9700682	340.4894	0	944133.5
2.5804999999998734e-10	0.24317048	-0.009866602	0.969929	340.40683	0	944252.44
2.585499999999875e-10	0.24371782	-0.009864336	0.9697914	340.32437	0	944371.2
2.5904999999998764e-10	0.2442566	-0.009827485	0.9696561	340.24213	0	944489.6
2.595499999999878e-10	0.24478498	-0.009756971	0.96952343	340.16	0	944607.8
2.6004999999998795e-10	0.24530138	-0.009653796	0.96939373	340.0781	0	944725.75
2.605499999999881e-10	0.24580434	-0.00951903	0.9692675	339.9963	0	944843.44
2.6104999999998826e-10	0.24629228	-0.009353816	0.9691452	339.91473	0	944960.8
2.615499999999884e-10	0.24676387	-0.009159347	0.9690268	339.83328	0	945078
2.6204999999998856e-10	0.24721776	-0.00893688	0.96891314	339.752	0	945194.9
2.625499999999887e-10	0.24765277	-0.008687724	0.96880406	339.67093	0	945311.5
2.6304999999998887e-10	0.24806763	-0.0084132375	0.9687002	339.59	0	945427.9
2.63549999999989e-10	0.24846141	-0.008114817	0.9686017	339.50922	0	945544
2.640499999999892e-10	0.24883303	-0.0077938978	0.9685087	339.42862	0	945659.9
2.6454999999998933e-10	0.24918163	-0.00745195	0.9684217	339.34818	0	945775.5
2.650499999999895e-10	0.24950638	-0.007090473	0.96834064	339.2679	0	945890.9
2.6554999999998964e-10	0.2498066	-0.0067109778	0.96826583	339.18777	0	946005.94
2.660499999999898e-10	0.25008166	-0.0063150073	0.9681973	339.10785	0	946120.8
2.6654999999998994e-10	0.25033095	-0.005904104	0.9681354	339.02805	0	946235.4
2.670499999999901e-10	0.25055408	-0.0054798303	0.9680801	338.94843	0	946349.75
2.6754999999999025e-10	0.2507507	-0.005043749	0.9680314	338.86896	0	946463.8
2.680499999999904e-10	0.25092041	-0.0045974217	0.96798944	338.78967	0	946577.7
2.6854999999999056e-10	0.25106308	-0.004142406	0.96795446	338.71054	0	946691.25
2.690499999999907e-10	0.25117862	-0.003680243	0.96792626	338.63156	0	946804.56
2.6954999999999086e-10	0.251267	-0.003212467	0.96790475	338.55273	0	946917.7
2.70049999999991e-10	0.2513282	-0.002740592	0.9678904	338.4741	0	947030.5
2.7054999999999117e-10	0.25136235	-0.002266112	0.96788263	338.3956	0	947143.06
2.710499999999913e-10	0.2513697	-0.0017904969	0.96788174	338.31726	0	947255.44
2.715499999999915e-10	0.25135052	-0.0013151818	0.9678874	338.2391	0	947367.5
2.7204999999999163e-10	0.25130516	-0.000841577	0.9678997	338.16107	0	947479.4
2.725499999999918e-10	0.251234	-0.0003710479	0.9679183	338.08322	0	947591
2.7304999999999194e-10	0.25113752	9.507155e-05	0.96794343	338.00552	0	947702.3
2.735499999999921e-10	0.25101635	0.00055549387	0.96797466	337.928	0	947813.44
2.7404999999999224e-10	0.250871	0.0010089794	0.968012	337.85062	0	947924.3
2.745499999999924e-10	0.2507022	0.0014543304	0.9680551	337.7734	0	948034.94
2.7504999999999255e-10	0.25051063	0.001890398	0.968104	337.69635	0	948145.3
2.755499999999927e-10	0.2502971	0.0023160912	0.96815836	337.61942	0	948255.44
2.7604999999999286e-10	0.2500624	0.0027303703	0.9682178	337.5427	0	948365.3
2.76549999999993e-10	0.24980742	0.0031322516	0.9682825	337.4661	0	948475
2.7704999999999317e-10	0.24953304	0.003520814	0.96835196	337.38965	0	948584.4
2.775499999999933e-10	0.24924028	0.0038951878	0.9684259	337.3134	0	948693.56
2.7804999999999347e-10	0.24893002	0.0042545684	0.9685043	337.23724	0	948802.5
2.785499999999936e-10	0.24860331	0.0045982148	0.9685866	337.1613	0	948911.2
2.790499999999938e-10	0.24826121	0.0049254484	0.9686728	337.08545	0	949019.6
2.7954999999999393e-10	0.24790475	0.0052356506	0.9687625	337.0098	0	949127.9
2.800499999999941e-10	0.24753504	0.005528267	0.9688556	336.9343	0	949235.8
2.8054999999999424e-10	0.24715318	0.005802812	0.96895164	336.85895	0	949343.56
2.810499999999944e-10	0.24676028	0.0060588573	0.9690502	336.78375	0	949451.06
2.8154999999999455e-10	0.24635744	0.0062960456	0.96915126	336.7087	0	949558.3
2.820499999999947e-10	0.2459458	0.0065140803	0.96925455	336.63382	0	949665.4
2.8254999999999485e-10	0.24552648	0.0067127263	0.96935946	336.55908	0	949772.2
2.83049999999995e-10	0.24510066	0.006891822	0.96946627	336.4845	0	949878.7
2.8354999999999516e-10	0.24466941	0.0070512523	0.96957403	336.41006	0	949985.06
2.840499999999953e-10	0.24423386	0.00719097	0.969683	336.3358	0	950091.1
2.8454999999999547e-10	0.24379517	0.0073109968	0.96979266	336.26166	0	950197
2.850499999999956e-10	0.24335438	0.0074114036	0.96990263	336.18765	0	950302.6
2.8554999999999577e-10	0.24291256	0.0074923155	0.9700129	336.11383	0	950408
2.860499999999959e-10	0.2424707	0.007553919	0.9701231	336.04016	0	950513.2
2.865499999999961e-10	0.24202992	0.0075964574	0.97023296	335.96664	0	950618.1
2.8704999999999623e-10	0.24159133	0.0076202266	0.97034216	335.89325	0	950722.8
2.875499999999964e-10	0.24115576	0.0076255654	0.97045064	335.82004	0	950827.3
2.8804999999999654e-10	0.24072425	0.007612871	0.97055805	335.74695	0	950931.56
2.885499999999967e-10	0.24029757	0.007582572	0.97066414	335.674	0	951035.56
2.8904999999999685e-10	0.23987682	0.007535151	0.9707687	335.60126	0	951139.4
2.89549999999997e-10	0.23946269	0.0074711363	0.97087157	335.52863	0	951242.94
2.9004999999999715e-10	0.23905608	0.0073910886	0.9709726	335.45612	0	951346.25
2.905499999999973e-10	0.23865768	0.007295608	0.9710714	335.3838	0	951449.4
2.9104999999999746e-10	0.2382683	0.00718532	0.97116804	335.3116	0	951552.25
2.915499999999976e-10	0.23788857	0.007060892	0.9712621	335.23956	0	951654.94
2.9204999999999777e-10	0.23751915	0.0069230194	0.9713536	335.16766	0	951757.3
2.925499999999979e-10	0.23716067	0.0067724152	0.97144234	335.09592	0	951859.56
2.9304999999999807e-10	0.23681359	0.006609823	0.9715283	335.02432	0	951961.56
2.9354999999999823e-10	0.23647855	0.0064360052	0.97161126	334.95288	0	952063.3
2.940499999999984e-10	0.2361559	0.0062517393	0.9716911	334.88156	0	952164.8
2.9454999999999853e-10	0.23584613	0.00605782	0.9717675	334.8104	0	952266.1
2.950499999999987e-10	0.23554951	0.0058550537	0.9718409	334.73938	0	952367.25
2.9554999999999884e-10	0.23526645	0.005644254	0.9719107	334.66852	0	952468.1
2.96049999999999e-10	0.23499711	0.0054262495	0.97197735	334.59778	0	952568.75
2.9654999999999915e-10	0.23474182	0.005201861	0.9720403	334.5272	0	952669.2
2.970499999999993e-10	0.2345007	0.0049719173	0.97209966	334.45676	0	952769.44
2.9754999999999945e-10	0.23427387	0.004737241	0.97215587	334.38644	0	952869.44
2.980499999999996e-10	0.2340614	0.004498658	0.97220814	334.3163	0	952969.2
2.9854999999999976e-10	0.23386334	0.0042569796	0.97225696	334.24628	0	953068.75
2.990499999999999e-10	0.23367968	0.0040130178	0.97230226	334.17642	0	953168.06
2.9950000000000005e-10	0.23352665	0.0037922042	0.97234	334.1067	0	953267.2
3.000000000000002e-10	0.23337014	0.0035460796	0.9723786	334.0371	0	953366.1
3.0050000000000036e-10	0.23322777	0.0032999378	0.97241354	333.96768	0	953464.8
3.010000000000005e-10	0.23309931	0.0030545287	0.97244525	333.89838	0	953563.25
3.0150000000000066e-10	0.2329846	0.002810586	0.9724735	333.82922	0	953661.56
3.020000000000008e-10	0.23288336	0.0025688175	0.97249854	333.7602	0	953759.56
3.0250000000000097e-10	0.23279531	0.0023299116	0.9725203	333.6913	0	953857.44
3.030000000000011e-10	0.23272012	0.0020945305	0.97253877	333.6226	0	953955
3.035000000000013e-10	0.23265745	0.001863312	0.9725542	333.554	0	954052.44
3.0400000000000143e-10	0.23260692	0.0016368626	0.9725669	333.48553	0	954149.6
3.045000000000016e-10	0.23256804	0.0014157642	0.9725765	333.41724	0	954246.6
3.0500000000000174e-10	0.2325405	0.0012005655	0.9725834	333.34906	0	954343.4
3.055000000000019e-10	0.23252375	0.0009917836	0.97258765	333.281	0	954439.94
3.0600000000000205e-10	0.23251735	0.00078990805	0.9725894	333.2131	0	954536.25
3.065000000000022e-10	0.23252074	0.0005953928	0.97258866	333.14536	0	954632.4
3.0700000000000235e-10	0.23253344	0.0004086576	0.9725858	333.07773	0	954728.3
3.075000000000025e-10	0.2325549	0.00023008762	0.97258073	333.01025	0	954824.06
3.0800000000000266e-10	0.23258461	6.0029597e-05	0.9725737	332.9429	0	954919.56
3.085000000000028e-10	0.23262185	-0.00010119856	0.9725647	332.8757	0	955014.9
3.0900000000000297e-10	0.23266627	-0.00025331197	0.9725539	332.80862	0	955109.94
3.095000000000031e-10	0.23271707	-0.00039606262	0.9725418	332.7417	0	955204.8
3.1000000000000327e-10	0.23277381	-0.00052924664	0.9725281	332.6749	0	955299.5
3.105000000000034e-10	0.23283578	-0.0006526832	0.9725132	332.60825	0	955393.94
3.110000000000036e-10	0.23290248	-0.0007662382	0.9724971	332.54172	0	955488.25
3.1150000000000373e-10	0.23297332	-0.00086980127	0.97248006	332.4753	0	955582.3
3.120000000000039e-10	0.23304754	-0.0009632977	0.9724622	332.40906	0	955676.1
3.1250000000000404e-10	0.23312473	-0.0010466967	0.9724436	332.34296	0	955769.8
3.130000000000042e-10	0.23320422	-0.0011199901	0.97242427	332.27695	0	955863.25
3.1350000000000435e-10	0.23328547	-0.0011831986	0.97240466	332.21112	0	955956.5
3.140000000000045e-10	0.23336796	-0.001236382	0.9723849	332.1454	0	956049.5
3.1450000000000465e-10	0.23345104	-0.0012796264	0.97236484	332.0798	0	956142.4
3.150000000000048e-10	0.23353414	-0.0013130538	0.9723447	332.01437	0	956235
3.1550000000000496e-10	0.2336168	-0.0013368055	0.97232485	331.94907	0	956327.44
3.160000000000051e-10	0.23369844	-0.0013510566	0.97230506	331.88388	0	956419.6
3.1650000000000527e-10	0.23377863	-0.0013560083	0.97228587	331.81882	0	956511.7
3.170000000000054e-10	0.23385681	-0.0013518824	0.972267	331.7539	0	956603.5
3.1750000000000557e-10	0.2339325	-0.0013389239	0.97224873	331.68912	0	956695.1
3.1800000000000573e-10	0.23400523	-0.0013174078	0.97223127	331.62448	0	956786.56
3.185000000000059e-10	0.23407461	-0.0012876288	0.97221446	331.55997	0	956877.8
3.1900000000000603e-10	0.23414028	-0.0012498988	0.97219867	331.49557	0	956968.8
3.195000000000062e-10	0.23420195	-0.0012045363	0.9721839	331.4313	0	957059.6
3.2000000000000634e-10	0.23425902	-0.0011518917	0.9721702	331.3672	0	957150.3
3.205000000000065e-10	0.23431128	-0.0010923251	0.9721576	331.3032	0	957240.75
3.2100000000000665e-10	0.23435849	-0.0010262094	0.97214615	331.23935	0	957331
3.215000000000068e-10	0.23440023	-0.0009539263	0.9721362	331.1756	0	957421
3.2200000000000695e-10	0.23443627	-0.0008758745	0.9721277	331.112	0	957510.9
3.225000000000071e-10	0.23446645	-0.0007924608	0.9721203	331.04852	0	957600.5
3.2300000000000726e-10	0.23449042	-0.00070409226	0.9721145	330.9852	0	957690
3.235000000000074e-10	0.23450814	-0.00061119196	0.9721102	330.92197	0	957779.25
3.2400000000000757e-10	0.23451933	-0.00051418314	0.97210765	330.8589	0	957868.3
3.245000000000077e-10	0.2345239	-0.00041349212	0.9721066	330.79593	0	957957.2
3.2500000000000787e-10	0.23452178	-0.000309542	0.97210705	330.7331	0	958045.9
3.2550000000000803e-10	0.23451279	-0.00020276585	0.97210914	330.6704	0	958134.4
3.260000000000082e-10	0.23449695	-9.3591596e-05	0.97211313	330.60782	0	958222.7
3.2650000000000833e-10	0.23447417	1.7560214e-05	0.97211844	330.54538	0	958310.8
3.270000000000085e-10	0.23444451	0.00013026752	0.97212565	330.48306	0	958398.7
3.2750000000000864e-10	0.23440787	0.00024411398	0.97213435	330.42087	0	958486.44
3.280000000000088e-10	0.23436438	0.00035868917	0.97214484	330.35883	0	958573.94
3.2850000000000895e-10	0.23431401	0.00047358833	0.9721569	330.29688	0	958661.3
3.290000000000091e-10	0.23425691	0.000588423	0.97217065	330.23508	0	958748.44
3.2950000000000925e-10	0.2341931	0.00070280646	0.9721858	330.17337	0	958835.44
3.300000000000094e-10	0.23412286	0.00081636733	0.9722027	330.11182	0	958922.2
3.3050000000000956e-10	0.23404607	0.0009287439	0.97222096	330.05038	0	959008.8
3.310000000000097e-10	0.2339631	0.0010395863	0.97224087	329.98907	0	959095.2
3.3150000000000987e-10	0.23387402	0.0011485585	0.97226226	329.92792	0	959181.44
3.3200000000001e-10	0.23377903	0.0012553344	0.9722849	329.86685	0	959267.44
3.3250000000001017e-10	0.23367839	0.0013596136	0.972309	329.8059	0	959353.25
3.3300000000001033e-10	0.23357219	0.0014610987	0.9723344	329.74512	0	959438.94
3.335000000000105e-10	0.23346081	0.0015595182	0.9723609	329.68442	0	959524.4
3.3400000000001063e-10	0.23334442	0.0016546133	0.97238874	329.62387	0	959609.7
3.345000000000108e-10	0.23322324	0.0017461377	0.9724176	329.56342	0	959694.8
3.3500000000001094e-10	0.23309764	0.0018338697	0.9724476	329.5031	0	959779.7
3.355000000000111e-10	0.2329678	0.0019176052	0.9724785	329.44293	0	959864.44
3.3600000000001125e-10	0.23283395	0.0019971486	0.97251046	329.38284	0	959949
3.365000000000114e-10	0.23269652	0.0020723331	0.9725432	329.3229	0	960033.3
3.3700000000001155e-10	0.2325558	0.00214301	0.9725768	329.2631	0	960117.5
3.375000000000117e-10	0.23241194	0.002209041	0.97261095	329.2034	0	960201.5
3.3800000000001186e-10	0.2322653	0.0022703125	0.9726459	329.1438	0	960285.3
3.38500000000012e-10	0.2321162	0.002326722	0.9726812	329.08435	0	960368.94
3.3900000000001217e-10	0.23196508	0.0023781962	0.9727173	329.02502	0	960452.44
3.395000000000123e-10	0.23181209	0.002424679	0.97275376	328.9658	0	960535.7
3.400000000000125e-10	0.23165758	0.0024661245	0.9727905	328.9067	0	960618.75
3.4050000000001263e-10	0.23150186	0.002502508	0.9728273	328.84772	0	960701.7
3.410000000000128e-10	0.23134507	0.0025338163	0.9728647	328.78888	0	960784.44
3.4150000000001293e-10	0.23118773	0.0025600547	0.97290206	328.73013	0	960867
3.420000000000131e-10	0.23103002	0.0025812574	0.97293955	328.67154	0	960949.4
3.4250000000001324e-10	0.23087232	0.0025974624	0.972977	328.61304	0	961031.56
3.430000000000134e-10	0.23071484	0.0026087293	0.97301424	328.55466	0	961113.56
3.4350000000001355e-10	0.23055789	0.0026151293	0.9730515	328.4964	0	961195.44
3.440000000000137e-10	0.23040164	0.0026167496	0.9730885	328.43826	0	961277.06
3.4450000000001385e-10	0.23024648	0.0026136884	0.97312534	328.38025	0	961358.56
3.45000000000014e-10	0.23009266	0.0026060601	0.9731617	328.32236	0	961439.9
3.4550000000001416e-10	0.22994035	0.0025939972	0.97319776	328.26456	0	961521
3.460000000000143e-10	0.22978981	0.0025776313	0.97323346	328.2069	0	961601.94
3.4650000000001447e-10	0.2296413	0.0025571147	0.9732685	328.14935	0	961682.75
3.470000000000146e-10	0.22949494	0.002532605	0.97330314	328.09192	0	961763.4
3.475000000000148e-10	0.22935084	0.002504268	0.9733373	328.0346	0	961843.8
3.4800000000001493e-10	0.22920935	0.0024722794	0.9733706	327.97742	0	961924.06
3.485000000000151e-10	0.22907065	0.0024368267	0.97340345	327.92035	0	962004.1
3.4900000000001524e-10	0.22893482	0.0023981028	0.97343546	327.86337	0	962084.06
3.495000000000154e-10	0.22880214	0.0023563083	0.9734669	327.80655	0	962163.8
3.5000000000001554e-10	0.22867253	0.0023116444	0.97349745	327.74982	0	962243.4
3.505000000000157e-10	0.22854623	0.002264318	0.97352725	327.6932	0	962322.75
3.5100000000001585e-10	0.22842336	0.0022145442	0.97355616	327.6367	0	962402
3.51500000000016e-10	0.22830403	0.0021625385	0.97358435	327.58032	0	962481.06
3.5200000000001616e-10	0.22818828	0.0021085201	0.97361153	327.52405	0	962559.94
3.525000000000163e-10	0.22807606	0.002052706	0.973638	327.4679	0	962638.6
3.5300000000001646e-10	0.22796762	0.001995315	0.97366357	327.41187	0	962717.2
3.535000000000166e-10	0.22786301	0.0019365711	0.9736883	327.35593	0	962795.56
3.5400000000001677e-10	0.22776209	0.0018766944	0.973712	327.3001	0	962873.75
3.545000000000169e-10	0.22766489	0.0018158981	0.97373486	327.24442	0	962951.8
3.550000000000171e-10	0.22757158	0.0017544003	0.9737568	327.18884	0	963029.7
3.5550000000001723e-10	0.22748207	0.0016924174	0.97377783	327.13336	0	963107.4
3.560000000000174e-10	0.22739625	0.0016301584	0.97379804	327.078	0	963184.9
3.5650000000001754e-10	0.22731414	0.0015678221	0.9738173	327.02277	0	963262.25
3.570000000000177e-10	0.22723576	0.0015056137	0.9738357	326.96765	0	963339.44
3.5750000000001784e-10	0.22716108	0.0014437303	0.97385323	326.91263	0	963416.5
3.58000000000018e-10	0.22708984	0.0013823612	0.97386986	326.85773	0	963493.4
3.5850000000001815e-10	0.22702211	0.0013216826	0.97388583	326.80292	0	963570.06
3.590000000000183e-10	0.22695781	0.0012618781	0.9739009	326.74826	0	963646.56
3.5950000000001846e-10	0.22689684	0.0012031147	0.9739152	326.69366	0	963722.94
3.600000000000186e-10	0.22683904	0.0011455575	0.9739287	326.63922	0	963799.2
3.6050000000001876e-10	0.22678427	0.0010893517	0.97394156	326.58487	0	963875.2
3.610000000000189e-10	0.22673255	0.0010346464	0.97395366	326.53064	0	963951.06
3.6150000000001907e-10	0.2266837	0.0009815814	0.97396505	326.4765	0	964026.8
3.620000000000192e-10	0.22663766	0.00093028526	0.97397584	326.4225	0	964102.3
3.625000000000194e-10	0.2265941	0.00088087545	0.9739859	326.3686	0	964177.75
3.6300000000001953e-10	0.22655295	0.0008334568	0.9739957	326.3148	0	964252.94
3.635000000000197e-10	0.22651416	0.0007881286	0.9740047	326.2611	0	964328
3.6400000000001984e-10	0.22647756	0.0007449847	0.97401327	326.20752	0	964402.9
3.6450000000002e-10	0.226443	0.0007041063	0.9740213	326.15405	0	964477.6
3.6500000000002014e-10	0.22641033	0.00066556677	0.974029	326.1007	0	964552.25
3.655000000000203e-10	0.22637933	0.00062942936	0.9740361	326.04745	0	964626.6
3.6600000000002045e-10	0.22634983	0.0005957442	0.9740431	325.99432	0	964700.9
3.665000000000206e-10	0.22632167	0.00056455034	0.9740497	325.94128	0	964775
3.6700000000002076e-10	0.22629474	0.0005358732	0.97405595	325.88837	0	964848.94
3.675000000000209e-10	0.22626893	0.0005097475	0.97406185	325.83554	0	964922.7
3.6800000000002106e-10	0.22624405	0.00048618446	0.9740676	325.78284	0	964996.3
3.685000000000212e-10	0.22621985	0.00046518777	0.97407335	325.73022	0	965069.75
3.6900000000002137e-10	0.22619636	0.00044675398	0.9740788	325.67773	0	965143.06
3.695000000000215e-10	0.2261734	0.00043087348	0.9740841	325.62537	0	965216.25
3.700000000000217e-10	0.22615072	0.0004175313	0.9740894	325.57306	0	965289.2
3.7050000000002183e-10	0.22612816	0.0004066957	0.9740945	325.5209	0	965362.06
3.71000000000022e-10	0.22610563	0.00039832626	0.97409976	325.46884	0	965434.7
3.7150000000002214e-10	0.22608294	0.0003923774	0.974105	325.41687	0	965507.25
3.720000000000223e-10	0.22606	0.00038879798	0.9741105	325.36502	0	965579.56
3.7250000000002244e-10	0.22603674	0.0003875331	0.9741158	325.31326	0	965651.8
3.730000000000226e-10	0.226013	0.00038852164	0.9741213	325.26163	0	965723.8
3.7350000000002275e-10	0.22598863	0.0003916893	0.9741269	325.21008	0	965795.75
3.740000000000229e-10	0.22596347	0.00039696047	0.9741327	325.15866	0	965867.5
3.7450000000002306e-10	0.2259374	0.0004042478	0.97413874	325.10733	0	965939.06
3.750000000000232e-10	0.22591041	0.00041346435	0.974145	325.05612	0	966010.5
3.7550000000002336e-10	0.2258824	0.00042452355	0.9741515	325.005	0	966081.75
3.760000000000235e-10	0.22585328	0.00043732955	0.9741582	324.95398	0	966152.9
3.7650000000002367e-10	0.22582285	0.0004517804	0.97416526	324.90308	0	966223.9
3.770000000000238e-10	0.22579117	0.00046777047	0.9741725	324.85226	0	966294.7
3.77500000000024e-10	0.22575822	0.00048520046	0.9741802	324.80154	0	966365.4
3.7800000000002413e-10	0.22572392	0.000503968	0.97418815	324.75095	0	966435.9
3.785000000000243e-10	0.2256882	0.00052396464	0.9741963	324.70047	0	966506.25
3.7900000000002444e-10	0.22565098	0.0005450827	0.974205	324.6501	0	966576.44
3.795000000000246e-10	0.2256121	0.0005672065	0.9742139	324.5998	0	966646.5
3.8000000000002474e-10	0.22557168	0.00059022504	0.97422326	324.5496	0	966716.44
3.805000000000249e-10	0.22552954	0.0006140254	0.97423303	324.4995	0	966786.2
3.8100000000002505e-10	0.2254858	0.0006384905	0.9742431	324.44952	0	966855.8
3.815000000000252e-10	0.22544037	0.00066350645	0.9742536	324.39966	0	966925.25
3.8200000000002536e-10	0.22539333	0.00068896444	0.9742646	324.34988	0	966994.56
3.825000000000255e-10	0.22534467	0.0007147566	0.97427577	324.3002	0	967063.75
3.8300000000002566e-10	0.22529449	0.0007407805	0.9742873	324.2506	0	967132.75
3.835000000000258e-10	0.22524267	0.0007669336	0.9742992	324.20114	0	967201.6
3.8400000000002597e-10	0.22518916	0.0007931093	0.97431165	324.15176	0	967270.3
3.845000000000261e-10	0.2251341	0.0008192041	0.9743242	324.1025	0	967338.9
3.850000000000263e-10	0.22507736	0.0008451177	0.9743374	324.0533	0	967407.3
3.8550000000002643e-10	0.22501913	0.000870755	0.97435087	324.00424	0	967475.6
3.860000000000266e-10	0.22495937	0.0008960234	0.9743645	323.9553	0	967543.75
3.8650000000002674e-10	0.22489816	0.000920832	0.9743786	323.9064	0	967611.7
3.870000000000269e-10	0.22483559	0.0009450976	0.9743931	323.85764	0	967679.56
3.8750000000002704e-10	0.22477175	0.0009687407	0.97440773	323.80896	0	967747.25
3.880000000000272e-10	0.2247067	0.0009916917	0.9744229	323.76038	0	967814.8
3.8850000000002735e-10	0.22464041	0.0010138792	0.9744381	323.7119	0	967882.2
3.890000000000275e-10	0.22457287	0.0010352352	0.97445357	323.66354	0	967949.44
3.8950000000002766e-10	0.22450426	0.0010556923	0.97446936	323.61526	0	968016.56
3.900000000000278e-10	0.22443463	0.0010751964	0.9744854	323.56708	0	968083.56
3.9050000000002796e-10	0.224364	0.0010936925	0.97450167	323.519	0	968150.4
3.910000000000281e-10	0.22429246	0.0011111264	0.97451794	323.471	0	968217.06
3.9150000000002827e-10	0.22422014	0.0011274598	0.97453475	323.42313	0	968283.6
3.920000000000284e-10	0.22414716	0.0011426547	0.9745515	323.37534	0	968350
3.925000000000286e-10	0.22407345	0.0011566774	0.9745684	323.32767	0	968416.25
3.9300000000002873e-10	0.22399907	0.0011694955	0.97458553	323.28006	0	968482.4
3.935000000000289e-10	0.2239242	0.0011810849	0.97460264	323.23257	0	968548.3
3.9400000000002904e-10	0.22384898	0.001191427	0.9746201	323.18518	0	968614.2
3.945000000000292e-10	0.22377342	0.0012005084	0.9746373	323.13788	0	968679.9
3.9500000000002935e-10	0.22369766	0.0012083222	0.9746548	323.09067	0	968745.4
3.955000000000295e-10	0.22362167	0.0012148678	0.9746722	323.04355	0	968810.8
3.9600000000002965e-10	0.22354558	0.0012201436	0.9746896	322.99655	0	968876.06
3.965000000000298e-10	0.22346953	0.0012241531	0.9747072	322.94965	0	968941.2
3.9700000000002996e-10	0.22339347	0.001226906	0.97472453	322.9028	0	969006.2
3.975000000000301e-10	0.22331753	0.0012284204	0.97474194	322.85608	0	969071.06
3.9800000000003027e-10	0.22324182	0.0012287059	0.9747593	322.80945	0	969135.75
3.985000000000304e-10	0.22316636	0.0012277886	0.9747765	322.7629	0	969200.3
3.9900000000003057e-10	0.2230913	0.0012256945	0.97479385	322.7165	0	969264.75
3.995000000000307e-10	0.22301656	0.0012224542	0.97481084	322.67014	0	969329.06
4.000000000000309e-10	0.22294228	0.001218091	0.9748278	322.6239	0	969393.25
4.0050000000003103e-10	0.22286852	0.0012126468	0.97484475	322.57773	0	969457.25
4.010000000000312e-10	0.22279535	0.0012061582	0.97486156	322.53168	0	969521.1
4.0150000000003134e-10	0.2227229	0.0011986695	0.9748781	322.4857	0	969584.9
4.020000000000315e-10	0.22265115	0.0011902283	0.9748944	322.43982	0	969648.5
4.0250000000003165e-10	0.22258013	0.0011808788	0.9749106	322.39404	0	969711.94
4.030000000000318e-10	0.22250988	0.0011706712	0.97492677	322.34836	0	969775.3
4.0350000000003195e-10	0.2224404	0.0011596484	0.97494274	322.30276	0	969838.5
4.040000000000321e-10	0.22237189	0.0011478659	0.97495836	322.25726	0	969901.56
4.0450000000003226e-10	0.22230428	0.0011353827	0.97497386	322.21185	0	969964.5
4.050000000000324e-10	0.22223754	0.0011222514	0.974989	322.16653	0	970027.3
4.0550000000003257e-10	0.22217178	0.0011085252	0.97500396	322.1213	0	970090
4.060000000000327e-10	0.22210701	0.0010942614	0.97501874	322.0762	0	970152.5
4.0650000000003287e-10	0.22204326	0.0010795215	0.97503334	322.03116	0	970214.9
4.0700000000003303e-10	0.22198048	0.0010643592	0.97504765	321.9862	0	970277.2
4.075000000000332e-10	0.22191872	0.0010488292	0.9750617	321.94135	0	970339.3
4.0800000000003333e-10	0.22185788	0.0010329885	0.9750756	321.89658	0	970401.3
4.085000000000335e-10	0.22179805	0.0010168863	0.9750892	321.85193	0	970463.2
4.0900000000003364e-10	0.22173917	0.0010005786	0.9751026	321.80734	0	970524.9
4.095000000000338e-10	0.22168139	0.0009841189	0.9751158	321.76285	0	970586.5
4.1000000000003395e-10	0.22162473	0.000967564	0.97512865	321.71844	0	970648
4.105000000000341e-10	0.22156906	0.0009509727	0.9751414	321.67413	0	970709.3
4.1100000000003425e-10	0.22151436	0.0009343928	0.9751539	321.6299	0	970770.5
4.115000000000344e-10	0.22146069	0.00091787614	0.975166	321.5858	0	970831.6
4.1200000000003456e-10	0.22140807	0.00090147665	0.97517794	321.54175	0	970892.56
4.125000000000347e-10	0.22135639	0.00088524004	0.9751897	321.4978	0	970953.4
4.1300000000003487e-10	0.22130558	0.0008692111	0.9752014	321.45395	0	971014.06
4.13500000000035e-10	0.22125578	0.0008534343	0.97521263	321.4102	0	971074.6
4.1400000000003517e-10	0.22120689	0.00083795656	0.9752238	321.3665	0	971135
4.1450000000003533e-10	0.22115885	0.00082281715	0.9752347	321.3229	0	971195.3
4.150000000000355e-10	0.2211116	0.0008080484	0.9752453	321.2794	0	971255.5
4.1550000000003563e-10	0.2210651	0.0007936866	0.97525597	321.236	0	971315.56
4.160000000000358e-10	0.22101934	0.0007797634	0.9752663	321.19266	0	971375.44
4.1650000000003594e-10	0.22097428	0.0007663057	0.9752766	321.1494	0	971435.25
4.170000000000361e-10	0.22092988	0.00075334375	0.97528666	321.1063	0	971494.9
4.1750000000003625e-10	0.22088613	0.00074089685	0.9752966	321.06323	0	971554.44
4.180000000000364e-10	0.220843	0.0007289888	0.97530633	321.02026	0	971613.8
4.1850000000003655e-10	0.22080062	0.0007176478	0.9753159	320.97736	0	971673.1
4.190000000000367e-10	0.22075877	0.0007068939	0.9753254	320.93457	0	971732.25
4.1950000000003686e-10	0.22071737	0.0006967415	0.97533476	320.89185	0	971791.25
4.20000000000037e-10	0.22067642	0.00068720285	0.97534406	320.84924	0	971850.2
4.2050000000003717e-10	0.2206359	0.0006782873	0.9753533	320.8067	0	971908.94
4.210000000000373e-10	0.22059575	0.00067000167	0.97536224	320.76425	0	971967.6
4.2150000000003747e-10	0.2205559	0.00066235085	0.9753713	320.7219	0	972026.1
4.218500000000376e-10	0.22052827	0.00065728807	0.97537756	320.70074	0	972055.3
