# t (s)	mx ()	my ()	mz ()	T (K)	J (A/m^2)	Ms (A/m)
0	0	0	1	300	0	1e+06
5e-13	0.20166573	0.012980862	0.9793663	300.34677	-2.1111338e+12	999542.7
1e-12	0.20448756	0.031221258	0.97836906	301.72855	-3.0843415e+12	997716.6
1.5499999999999999e-12	0.2076491	0.058692843	0.9764388	304.09714	-4.1810096e+12	994572.9
2.05e-12	0.21035808	0.091390625	0.9733411	308.19217	-5.4535085e+12	989097.25
2.55e-12	0.21263894	0.13196543	0.9681762	314.74982	-6.8445825e+12	980222.1
3.0499999999999997e-12	0.21423924	0.18031122	0.9599917	324.4759	-8.2659734e+12	966819.06
3.5499999999999996e-12	0.21501021	0.23558746	0.94776756	337.8356	-9.605437e+12	947945.8
4.05e-12	0.21498545	0.29618013	0.93061924	354.8297	-1.0740301e+13	923173.44
4.55e-12	0.21438588	0.35978392	0.90806764	374.84717	-1.1555582e+13	892911.2
5.05e-12	0.21352713	0.42361134	0.8803131	396.67838	-1.1963089e+13	858593.06
5.5499999999999996e-12	0.21267325	0.4847171	0.8484161	418.71902	-1.191711e+13	822578
6.0499999999999995e-12	0.21193412	0.5404008	0.81427294	439.31192	-1.1422856e+13	787706.3
6.549999999999999e-12	0.21127293	0.58860326	0.78031945	457.1082	-1.0535485e+13	756632.56
7.049999999999999e-12	0.2105957	0.6281708	0.7490249	471.3201	-9.349975e+12	731200.3
7.500000000000003e-12	0.20993927	0.65621716	0.72476953	481.7894	-7.984404e+12	712118.1
8.000000000000011e-12	0.20908399	0.6794095	0.7033291	488.8784	-6.560707e+12	699030.94
8.500000000000019e-12	0.20815039	0.6951845	0.68802315	493.25732	-5.187223e+12	690880.2
9.000000000000027e-12	0.20715654	0.7047229	0.67855304	495.68124	-3.9463478e+12	686346.5
9.500000000000035e-12	0.20610695	0.70921654	0.67417544	496.82605	-2.8888956e+12	684199.9
1.0000000000000043e-11	0.20499344	0.70975655	0.673945	497.208	-2.0349064e+12	683482.9
1.0500000000000051e-11	0.2038032	0.70728487	0.6768964	497.17395	-1.3792189e+12	683546.8
1.1000000000000059e-11	0.20252629	0.7025811	0.68215597	496.93198	-8.9949346e+11	684001.06
1.1500000000000067e-11	0.20115897	0.69626737	0.68899786	496.59485	-5.644675e+11	684633.6
1.2000000000000075e-11	0.19970381	0.6888208	0.69685906	496.21793	-3.4084428e+11	685340.6
1.2500000000000083e-11	0.19816788	0.68059343	0.70532775	495.82596	-1.980383e+11	686075.4
1.3000000000000091e-11	0.19656011	0.6718335	0.7141189	495.4291	-1.1071806e+11	686818.8
1.3500000000000099e-11	0.19488996	0.6627086	0.72304493	495.0312	-5.956126e+10	687563.9
1.4000000000000107e-11	0.1931659	0.6533265	0.7319881	494.6335	-3.0830842e+10	688308.06
1.4500000000000115e-11	0.19139537	0.64375424	0.74087787	494.2365	-1.5356172e+10	689050.56
1.500000000000011e-11	0.18958563	0.63403124	0.7496732	493.8007	-6.823297e+09	689865.2
1.55000000000001e-11	0.18774356	0.62418026	0.7583506	493.3264	-2.6705477e+09	690751.2
1.6000000000000093e-11	0.18587051	0.61421484	0.7668982	493.08966	-1.636336e+09	691193.2
1.6500000000000085e-11	0.18397097	0.6041426	0.77530843	492.6171	-5.893251e+08	692075.06
1.7000000000000077e-11	0.18205214	0.593968	0.7835764	492.14566	-2.0079598e+08	692954.2
1.750000000000007e-11	0.1801152	0.5836944	0.7916997	491.9104	-1.1479531e+08	693392.7
1.800000000000006e-11	0.17816447	0.5733246	0.7996759	491.4407	-3.5991556e+07	694267.7
1.8500000000000052e-11	0.17620692	0.5628606	0.8075025	490.97217	-1.067566e+07	695140
1.9000000000000044e-11	0.17424399	0.5523049	0.8151783	490.73834	-5.694569e+06	695575.1
1.9500000000000036e-11	0.17228	0.54165995	0.8227015	490.2715	-1.5542874e+06	696443.4
2.0000000000000028e-11	0.17032209	0.5309277	0.8300698	489.80585	-401346.44	697308.9
2.050000000000002e-11	0.1683718	0.5201108	0.83728224	489.57343	-199748.05	697740.6
2.100000000000001e-11	0.16643365	0.50921166	0.8443373	489.10947	-47462.105	698602.1
2.1500000000000003e-11	0.16451475	0.4982327	0.85123295	488.64664	-10669.132	699460.94
2.2049999999999994e-11	0.16242954	0.48606673	0.85863274	488.41565	-4954.379	699889.3
2.2549999999999986e-11	0.16055928	0.4749293	0.8651901	487.95453	-1024.8203	700744.1
2.3049999999999978e-11	0.15872213	0.4637202	0.87158376	487.4945	-200.55052	701596.25
2.354999999999997e-11	0.15692252	0.45244247	0.8778127	487.26492	-86.89223	702021.4
2.404999999999996e-11	0.15516002	0.4410996	0.88387626	486.8066	-15.647083	702869.56
2.4549999999999953e-11	0.15344408	0.42969412	0.8897727	486.34943	-2.665652	703715.1
2.5049999999999945e-11	0.15177909	0.41822898	0.8955012	486.12125	-1.0776001	704136.9
2.5549999999999937e-11	0.15016481	0.4067082	0.9010609	485.66574	-0.16892895	704978.5
2.604999999999993e-11	0.1486104	0.3951344	0.9064507	485.21133	-0.025053486	705817.5
2.654999999999992e-11	0.14712012	0.38351077	0.9116697	484.98453	-0.009449728	706236.06
2.7049999999999912e-11	0.14569394	0.37184164	0.9167176	484.5318	-0.0012896141	707071.2
2.7549999999999904e-11	0.1443406	0.3601299	0.9215931	484.08017	-0.0001665014	707903.7
2.8049999999999896e-11	0.14306416	0.34837902	0.926296	483.85477	-5.8595735e-05	708319
2.8549999999999888e-11	0.14186476	0.3365935	0.93082577	483.40482	-6.9614625e-06	709147.6
2.904999999999988e-11	0.14075062	0.32477647	0.93518203	482.95593	-7.824427e-07	709973.75
2.95499999999999e-11	0.13972276	0.3129322	0.9393642	482.58267	-1.2134346e-07	710660.25
3.0049999999999925e-11	0.1387868	0.3010644	0.94337237	482.21017	-1.8107407e-08	711345
3.054999999999995e-11	0.13794658	0.28917706	0.94720596	481.83844	-2.5999936e-09	712028
3.104999999999997e-11	0.13720587	0.2772743	0.95086485	481.46747	-3.592232e-10	712709.25
3.155e-11	0.13656828	0.2653602	0.9543494	481.09726	-4.7756514e-11	713388.75
3.200000000000002e-11	0.13608584	0.25463134	0.95733607	480.72778	-6.1090963e-12	714066.44
3.250000000000004e-11	0.13565391	0.24270742	0.9604893	480.35907	-7.519647e-13	714742.44
3.300000000000007e-11	0.13533507	0.23078468	0.9634682	479.99112	-8.906232e-14	715416.7
3.350000000000009e-11	0.13513252	0.21886742	0.96627337	479.62393	-1.0150015e-14	716089.2
3.4000000000000115e-11	0.13504931	0.20696005	0.9689051	479.25745	-1.113052e-15	716759.94
3.450000000000014e-11	0.13508832	0.19506712	0.97136396	478.89175	-1.1744658e-16	717428.94
3.5000000000000163e-11	0.13525242	0.1831931	0.9736506	478.5268	-1.1924533e-17	718096.3
3.550000000000019e-11	0.13554418	0.17134258	0.9757655	478.16257	-1.1649801e-18	718761.9
3.600000000000021e-11	0.13596609	0.15952015	0.9777096	477.7991	-1.0951454e-19	719425.8
3.6500000000000236e-11	0.13652048	0.14773043	0.9794836	477.43634	-9.906064e-21	720088
3.700000000000026e-11	0.1372095	0.13597807	0.9810887	477.07437	-8.621972e-22	720748.44
3.7500000000000284e-11	0.13803518	0.12426776	0.98252547	476.7131	-7.220847e-23	721407.25
3.800000000000031e-11	0.13899933	0.11260412	0.9837954	476.35257	-5.818966e-24	722064.3
3.850000000000033e-11	0.14010364	0.10099187	0.9848993	475.9928	-4.5121093e-25	722719.75
3.9000000000000356e-11	0.14134958	0.08943568	0.9858389	475.63376	-3.3665844e-26	723373.44
3.950000000000038e-11	0.14273854	0.07794026	0.9866152	475.27542	-2.4169937e-27	724025.5
4.0000000000000405e-11	0.14427163	0.06651027	0.9872296	474.91785	-1.669697e-28	724675.9
4.050000000000043e-11	0.14594981	0.05515034	0.9876838	474.56097	-1.10987965e-29	725324.56
4.100000000000045e-11	0.14777395	0.043865137	0.9879791	474.20486	-7.0988866e-31	725971.6
4.150000000000048e-11	0.14974463	0.032659262	0.9881174	473.84946	-4.3689866e-32	726617
4.20000000000005e-11	0.15186231	0.02153728	0.9881004	473.49478	-2.587303e-33	727260.75
4.2500000000000525e-11	0.15412727	0.010503735	0.9879297	473.1408	-1.474314e-34	727902.8
4.300000000000055e-11	0.15653957	-0.0004368792	0.9876072	472.7876	-8.083673e-36	728543.25
4.3500000000000574e-11	0.1590992	-0.011280119	0.98713493	472.4351	-4.264849e-37	729182.06
4.40000000000006e-11	0.16180585	-0.022021601	0.98651487	472.08328	-2.1650838e-38	729819.2
4.450000000000062e-11	0.1646591	-0.03265699	0.9857489	471.7322	-1.0576e-39	730454.7
4.5000000000000646e-11	0.16765837	-0.04318203	0.9848394	471.38187	-4.971e-41	731088.6
4.550000000000067e-11	0.1708029	-0.053592533	0.98378825	471.0322	-2.248e-42	731720.9
4.6000000000000694e-11	0.17409177	-0.06388438	0.9825978	470.6833	-9.8e-44	732351.56
4.650000000000072e-11	0.17752387	-0.07405356	0.9812705	470.33505	-4e-45	732980.6
4.700000000000074e-11	0.1810979	-0.084096104	0.97980833	469.98755	-0	733608.06
4.7500000000000767e-11	0.1848125	-0.094008185	0.97821385	469.64075	-0	734233.9
4.800000000000079e-11	0.18866608	-0.10378604	0.9764894	469.29468	-0	734858.1
4.8500000000000815e-11	0.19265692	-0.11342599	0.97463757	468.94928	-0	735480.75
4.900000000000084e-11	0.19678317	-0.1229245	0.97266084	468.60458	-0	736101.8
4.950000000000086e-11	0.20104279	-0.13227816	0.97056156	468.26062	-0	736721.25
5.000000000000089e-11	0.20543373	-0.14148359	0.9683427	467.91736	-0	737339.1
5.050000000000091e-11	0.2099536	-0.15053761	0.9660064	467.57477	-0	737955.44
5.1000000000000935e-11	0.21460007	-0.1594371	0.96355563	467.23288	-0	738570.2
5.150000000000096e-11	0.2193706	-0.16817912	0.960993	466.89172	-0	739183.4
5.2000000000000984e-11	0.22426258	-0.17676082	0.95832103	466.55124	-0	739794.94
5.250000000000101e-11	0.2292732	-0.18517943	0.9555427	466.21146	-0	740405
5.300000000000103e-11	0.23439963	-0.19343242	0.9526606	465.87234	-0	741013.5
5.3500000000001056e-11	0.23963892	-0.20151733	0.94967765	465.53394	-0	741620.44
5.400000000000108e-11	0.24498796	-0.20943174	0.9465964	465.19623	-0	742225.8
5.4500000000001104e-11	0.2504437	-0.21717364	0.9434198	464.85922	-0	742829.7
5.500000000000113e-11	0.25600284	-0.2247408	0.9401507	464.52286	-0	743432
5.550000000000115e-11	0.26166216	-0.2321314	0.9367917	464.18723	-0	744032.75
5.6000000000001177e-11	0.26741818	-0.23934367	0.9333459	463.85226	-0	744632
5.65000000000012e-11	0.2732675	-0.24637593	0.92981595	463.51797	-0	745229.75
5.7000000000001225e-11	0.2792067	-0.2532267	0.9262047	463.1844	-0	745825.94
5.750000000000125e-11	0.2852321	-0.25989464	0.9225151	462.85144	-0	746420.6
5.800000000000127e-11	0.29134014	-0.26637852	0.9187497	462.51923	-0	747013.8
5.85000000000013e-11	0.29752725	-0.2726772	0.91491175	462.18765	-0	747605.5
5.900000000000132e-11	0.30378968	-0.2787899	0.9110036	461.85678	-0	748195.6
5.950000000000135e-11	0.3101237	-0.28471568	0.9070286	461.52655	-0	748784.3
6.000000000000137e-11	0.31652564	-0.2904539	0.9029891	461.19702	-0	749371.5
6.05000000000014e-11	0.3229917	-0.29600403	0.8988881	460.86816	-0	749957.2
6.100000000000142e-11	0.32951814	-0.30136564	0.8947283	460.53995	-0	750541.4
6.150000000000144e-11	0.33610117	-0.30653855	0.89051265	460.21243	-0	751124.06
6.200000000000147e-11	0.34273702	-0.3115225	0.8862436	459.8856	-0	751705.3
6.250000000000149e-11	0.3494219	-0.3163176	0.8819243	459.5594	-0	752285.06
6.300000000000151e-11	0.356152	-0.3209239	0.8775571	459.23386	-0	752863.4
6.350000000000154e-11	0.36292362	-0.32534167	0.87314487	458.909	-0	753440.2
6.400000000000156e-11	0.369733	-0.32957116	0.8686904	458.5848	-0	754015.56
6.450000000000159e-11	0.3765764	-0.333613	0.86419594	458.26126	-0	754589.5
6.500000000000161e-11	0.38345012	-0.33746773	0.85966444	457.9384	-0	755161.94
6.550000000000163e-11	0.39035052	-0.341136	0.8550985	457.61618	-0	755732.94
6.600000000000166e-11	0.3972739	-0.34461868	0.85050076	457.29462	-0	756302.5
6.650000000000168e-11	0.40421668	-0.34791663	0.8458736	456.97372	-0	756870.6
6.700000000000171e-11	0.41117534	-0.35103095	0.84121954	456.65347	-0	757437.3
6.750000000000173e-11	0.41814628	-0.35396266	0.83654124	456.33386	-0	758002.56
6.800000000000176e-11	0.42512617	-0.35671306	0.831841	456.01492	-0	758566.4
6.850000000000178e-11	0.43211135	-0.3592834	0.8271213	455.69662	-0	759128.75
6.90000000000018e-11	0.43909872	-0.36167505	0.8223847	455.379	-0	759689.7
6.950000000000183e-11	0.44608474	-0.3638896	0.8176333	455.062	-0	760249.25
7.000000000000185e-11	0.4530663	-0.36592856	0.81286955	454.74567	-0	760807.44
7.050000000000188e-11	0.46004015	-0.36779353	0.8080959	454.42996	-0	761364.1
7.10000000000019e-11	0.46700317	-0.36948624	0.80331427	454.1149	-0	761919.44
7.150000000000192e-11	0.47395226	-0.37100852	0.79852724	453.80048	-0	762473.4
7.200000000000195e-11	0.48088446	-0.37236214	0.7937369	453.4867	-0	763025.94
7.250000000000197e-11	0.48779678	-0.37354913	0.7889455	453.17355	-0	763577.06
7.3000000000002e-11	0.4946864	-0.37457135	0.7841548	452.86105	-0	764126.75
7.350000000000202e-11	0.5015505	-0.3754309	0.7793672	452.5492	-0	764675.1
7.400000000000205e-11	0.5083864	-0.3761298	0.7745848	452.23798	-0	765222.1
7.450000000000207e-11	0.5151913	-0.37667024	0.76980937	451.9274	-0	765767.7
7.500000000000209e-11	0.52196294	-0.37705436	0.7650432	451.61743	-0	766311.94
7.550000000000212e-11	0.5286985	-0.37728438	0.76028806	451.30814	-0	766854.75
7.600000000000214e-11	0.5353957	-0.37736258	0.7555456	450.99942	-0	767396.25
7.650000000000217e-11	0.54205215	-0.3772912	0.75081825	450.69138	-0	767936.4
7.700000000000219e-11	0.5486655	-0.3770726	0.7461075	450.38394	-0	768475.1
7.750000000000221e-11	0.55523366	-0.3767091	0.7414151	450.07715	-0	769012.5
7.800000000000224e-11	0.56175447	-0.3762031	0.736743	449.77097	-0	769548.56
7.850000000000226e-11	0.5682259	-0.37555695	0.7320927	449.4654	-0	770083.3
7.900000000000229e-11	0.574646	-0.37477306	0.7274661	449.16046	-0	770616.6
7.950000000000231e-11	0.58101267	-0.3738539	0.72286475	448.85617	-0	771148.7
8.000000000000233e-11	0.5873243	-0.37280187	0.7182902	448.5525	-0	771679.3
8.050000000000236e-11	0.59357893	-0.37161946	0.7137442	448.24942	-0	772208.7
8.100000000000238e-11	0.5997751	-0.37030905	0.7092283	447.94696	-0	772736.7
8.150000000000241e-11	0.6059111	-0.3688732	0.7047439	447.64514	-0	773263.4
8.200000000000243e-11	0.61198527	-0.36731422	0.7002924	447.3439	-0	773788.75
8.250000000000246e-11	0.61799634	-0.36563465	0.6958753	447.0433	-0	774312.8
8.300000000000248e-11	0.6239428	-0.363837	0.69149417	446.74332	-0	774835.56
8.35000000000025e-11	0.62982327	-0.3619236	0.6871502	446.44394	-0	775357
8.400000000000253e-11	0.6356366	-0.35989693	0.68284464	446.14517	-0	775877.06
8.450000000000255e-11	0.6413815	-0.3577594	0.6785791	445.84702	-0	776395.9
8.500000000000258e-11	0.6470568	-0.35551342	0.67435455	445.54947	-0	776913.44
8.55000000000026e-11	0.6526615	-0.35316145	0.6701725	445.25253	-0	777429.6
8.600000000000262e-11	0.6581946	-0.35070577	0.666034	444.95618	-0	777944.56
8.650000000000265e-11	0.663655	-0.34814882	0.6619404	444.66046	-0	778458.2
8.700000000000267e-11	0.6690419	-0.3454929	0.6578926	444.36533	-0	778970.5
8.75000000000027e-11	0.67435443	-0.34274033	0.6538918	444.0708	-0	779481.56
8.800000000000272e-11	0.6795918	-0.3398934	0.64993924	443.7769	-0	779991.4
8.850000000000274e-11	0.6847533	-0.33695439	0.64603585	443.48355	-0	780499.9
8.900000000000277e-11	0.6898381	-0.33392546	0.6421827	443.19083	-0	781007.1
8.950000000000279e-11	0.69484586	-0.33080894	0.63838077	442.8987	-0	781513.06
9.000000000000282e-11	0.6997756	-0.32760698	0.63463116	442.60718	-0	782017.8
9.050000000000284e-11	0.7046272	-0.3243217	0.6309347	442.31622	-0	782521.25
9.100000000000287e-11	0.7093997	-0.32095528	0.62729234	442.02588	-0	783023.4
9.150000000000289e-11	0.714093	-0.31750968	0.6237049	441.7361	-0	783524.3
9.200000000000291e-11	0.71870667	-0.31398708	0.62017345	441.44696	-0	784024
9.250000000000294e-11	0.7232401	-0.31038943	0.6166988	441.1584	-0	784522.44
9.300000000000296e-11	0.727693	-0.3067188	0.6132817	440.87042	-0	785019.6
9.350000000000299e-11	0.73206526	-0.30297703	0.609923	440.583	-0	785515.56
9.400000000000301e-11	0.7363563	-0.2991661	0.60662353	440.2962	-0	786010.25
9.450000000000303e-11	0.7405662	-0.2952879	0.60338396	440.00998	-0	786503.75
9.500000000000306e-11	0.7446945	-0.29134423	0.6002052	439.72433	-0	786996
9.550000000000308e-11	0.7487411	-0.28733695	0.5970878	439.43927	-0	787487
9.60000000000031e-11	0.75270593	-0.28326774	0.5940325	439.15482	-0	787976.8
9.650000000000313e-11	0.75658876	-0.27913842	0.59103996	438.8709	-0	788465.4
9.700000000000315e-11	0.7603894	-0.2749506	0.58811104	438.5876	-0	788952.7
9.750000000000318e-11	0.7641079	-0.27070597	0.58524615	438.30487	-0	789438.9
9.80000000000032e-11	0.76774424	-0.26640618	0.5824461	438.0227	-0	789923.75
9.850000000000323e-11	0.7712981	-0.26205274	0.5797114	437.74112	-0	790407.5
9.900000000000325e-11	0.7747698	-0.25764722	0.57704264	437.4601	-0	790890
9.950000000000328e-11	0.77815896	-0.25319108	0.5744404	437.17966	-0	791371.3
1.000000000000033e-10	0.781466	-0.24868587	0.5719053	436.89978	-0	791851.44
1.0050000000000332e-10	0.7846904	-0.2441329	0.56943786	436.6205	-0	792330.4
1.0100000000000335e-10	0.7878325	-0.23953363	0.56703866	436.34177	-0	792808.1
1.0150000000000337e-10	0.79089236	-0.23488939	0.5647082	436.06363	-0	793284.6
1.020000000000034e-10	0.7938698	-0.23020153	0.5624469	435.78604	-0	793760
1.0250000000000342e-10	0.7967649	-0.22547124	0.5602553	435.509	-0	794234.2
1.0300000000000344e-10	0.7995779	-0.22069982	0.55813396	435.23254	-0	794707.2
1.0350000000000347e-10	0.8023086	-0.21588847	0.55608326	434.95667	-0	795179
1.0400000000000349e-10	0.8049572	-0.2110384	0.5541037	434.68134	-0	795649.7
1.0450000000000352e-10	0.8075235	-0.20615068	0.5521957	434.40656	-0	796119.2
1.0500000000000354e-10	0.8100078	-0.20122644	0.55035967	434.13235	-0	796587.5
1.0550000000000356e-10	0.81241	-0.19626676	0.54859614	433.8587	-0	797054.6
1.0600000000000359e-10	0.81473017	-0.19127268	0.54690546	433.5856	-0	797520.6
1.0650000000000361e-10	0.81696826	-0.18624519	0.5452879	433.31308	-0	797985.5
1.0700000000000364e-10	0.8191243	-0.1811853	0.54374415	433.0411	-0	798449.2
1.0750000000000366e-10	0.82119846	-0.17609395	0.54227436	432.76968	-0	798911.75
1.0800000000000369e-10	0.8231904	-0.17097203	0.5408789	432.4988	-0	799373.1
1.0850000000000371e-10	0.8251003	-0.16582045	0.53955823	432.2285	-0	799833.4
1.0900000000000373e-10	0.8269282	-0.16064009	0.5383127	431.9587	-0	800292.5
1.0950000000000376e-10	0.82867396	-0.15543179	0.5371426	431.6895	-0	800750.5
1.1000000000000378e-10	0.83033776	-0.15019639	0.53604823	431.42084	-0	801207.3
1.105000000000038e-10	0.83191895	-0.14493462	0.5350302	431.15274	-0	801663.06
1.1100000000000383e-10	0.83341795	-0.13964732	0.5340885	430.88516	-0	802117.6
1.1150000000000385e-10	0.8348345	-0.1343352	0.53322357	430.61813	-0	802571.1
1.1200000000000388e-10	0.8361685	-0.12899901	0.53243583	430.35165	-0	803023.44
1.125000000000039e-10	0.83741987	-0.123639464	0.5317254	430.08572	-0	803474.7
1.1300000000000393e-10	0.8385881	-0.11825725	0.5310927	429.8203	-0	803924.8
1.1350000000000395e-10	0.83967346	-0.112853035	0.53053796	429.55548	-0	804373.8
1.1400000000000397e-10	0.8406754	-0.10742752	0.5300614	429.29117	-0	804821.7
1.14500000000004e-10	0.8415938	-0.10198133	0.5296635	429.02737	-0	805268.44
1.1500000000000402e-10	0.84242845	-0.09651513	0.5293443	428.76416	-0	805714.1
1.1550000000000405e-10	0.843179	-0.0910295	0.52910423	428.50146	-0	806158.7
1.1600000000000407e-10	0.8438451	-0.085525125	0.52894354	428.2393	-0	806602.2
1.1650000000000407e-10	0.8444266	-0.08000259	0.52886224	427.97766	-0	807044.56
1.1700000000000396e-10	0.84492314	-0.07446422	0.52886045	427.82095	-0	807309.44
1.1750000000000386e-10	0.84533423	-0.06890823	0.52893883	427.50812	-0	807838.06
1.1800000000000375e-10	0.8456593	-0.063337274	0.5290972	427.19608	-0	808365.06
1.1850000000000365e-10	0.8458982	-0.057749882	0.52933604	427.0403	-0	808628
1.1900000000000354e-10	0.8460504	-0.05214667	0.5296557	426.7294	-0	809152.7
1.1950000000000344e-10	0.8461153	-0.046530314	0.53005594	426.41925	-0	809675.8
1.2000000000000333e-10	0.84609234	-0.04089935	0.53053737	426.26443	-0	809936.8
1.2050000000000323e-10	0.845981	-0.03525442	0.5311001	425.9554	-0	810457.6
1.2100000000000312e-10	0.8457809	-0.029598176	0.53174394	425.64716	-0	810976.94
1.2150000000000302e-10	0.8454911	-0.023929233	0.5324696	425.49332	-0	811236
1.2200000000000291e-10	0.8451111	-0.01824824	0.53327686	425.18616	-0	811752.94
1.225000000000028e-10	0.84464025	-0.012557888	0.53416586	424.8798	-0	812268.44
1.230000000000027e-10	0.84407765	-0.00685684	0.53513694	424.72687	-0	812525.56
1.235000000000026e-10	0.8434227	-0.001145797	0.5361903	424.42163	-0	813038.75
1.240000000000025e-10	0.84267485	0.0045724893	0.5373255	424.1171	-0	813550.44
1.245000000000024e-10	0.8418329	0.010299297	0.53854316	423.96512	-0	813805.7
1.2500000000000228e-10	0.840896	0.01603385	0.5398433	423.66174	-0	814315.1
1.2550000000000218e-10	0.8398638	0.021773327	0.54122573	423.35907	-0	814823
1.2600000000000207e-10	0.8387349	0.027518922	0.54269063	423.20804	-0	815076.4
1.2650000000000197e-10	0.8375085	0.03326975	0.5442384	422.9065	-0	815582.06
1.2700000000000186e-10	0.83618397	0.03902292	0.54586834	422.60568	-0	816086.25
1.2750000000000176e-10	0.83475983	0.044779476	0.54758096	422.45557	-0	816337.75
1.2800000000000165e-10	0.8332353	0.050538465	0.54937625	422.15585	-0	816839.7
1.2850000000000155e-10	0.8316096	0.05629684	0.5512538	421.8569	-0	817340.2
1.2900000000000144e-10	0.8298814	0.06205555	0.55321395	421.70767	-0	817589.9
1.2950000000000134e-10	0.82804954	0.06781347	0.55525666	421.40982	-0	818088.1
1.3000000000000123e-10	0.8261133	0.07356744	0.5573814	421.11267	-0	818584.94
1.3050000000000113e-10	0.8240712	0.07931823	0.5595884	420.9644	-0	818832.8
1.3100000000000102e-10	0.82192236	0.08506456	0.5618776	420.66833	-0	819327.4
1.3150000000000092e-10	0.8196655	0.09080312	0.5642484	420.373	-0	819820.56
1.320000000000008e-10	0.8172996	0.096534476	0.56670105	420.22562	-0	820066.6
1.325000000000007e-10	0.81482315	0.102257185	0.5692352	419.93137	-0	820557.56
1.330000000000006e-10	0.8122355	0.10796774	0.57185036	419.63785	-0	821047.1
1.335000000000005e-10	0.8095349	0.11366653	0.5745466	419.49136	-0	821291.4
1.340000000000004e-10	0.8067204	0.119351834	0.5773236	419.1989	-0	821778.75
1.3450000000000029e-10	0.803791	0.12502	0.5801805	418.90717	-0	822264.75
1.3500000000000018e-10	0.80074525	0.13067111	0.5831176	418.76157	-0	822507.2
1.3550000000000007e-10	0.79758185	0.13630332	0.58613425	418.47092	-0	822991
1.3604999999999996e-10	0.79396516	0.14247288	0.5895437	418.18097	-0	823473.4
1.3654999999999985e-10	0.7905518	0.14805543	0.5927254	418.03625	-0	823714.06
1.3704999999999975e-10	0.7870164	0.15361457	0.5959856	417.74738	-0	824194.4
1.3754999999999964e-10	0.7833592	0.15914416	0.5993229	417.4592	-0	824673.25
1.3804999999999954e-10	0.77957916	0.1646418	0.6027368	417.31537	-0	824912.2
1.3854999999999943e-10	0.77567357	0.17010894	0.60622734	417.02826	-0	825388.94
1.3904999999999933e-10	0.77164304	0.17553923	0.60979295	416.74185	-0	825864.3
1.3954999999999922e-10	0.7674865	0.18092994	0.61343294	416.59888	-0	826101.5
1.4004999999999912e-10	0.7632012	0.18628226	0.61714745	416.31354	-0	826574.8
1.4054999999999901e-10	0.75878805	0.19158946	0.6209346	416.02887	-0	827046.7
1.410499999999989e-10	0.7542461	0.1968486	0.6247936	415.88678	-0	827282.1
1.415499999999988e-10	0.7495728	0.20206045	0.62872416	415.60315	-0	827752
1.420499999999987e-10	0.74476916	0.20721805	0.63272464	415.32022	-0	828220.44
1.425499999999986e-10	0.73983455	0.21231814	0.6367938	415.17902	-0	828454.2
1.430499999999985e-10	0.7347664	0.21736117	0.6409314	414.89713	-0	828920.6
1.4354999999999838e-10	0.7295661	0.22233982	0.6451354	414.61594	-0	829385.7
1.4404999999999828e-10	0.7242332	0.22725059	0.6494046	414.4756	-0	829617.7
1.4454999999999817e-10	0.71876556	0.23209348	0.65373826	414.1954	-0	830080.7
1.4504999999999807e-10	0.71316475	0.23686099	0.65813446	413.91592	-0	830542.4
1.4554999999999796e-10	0.7074307	0.24154925	0.6625916	413.77646	-0	830772.7
1.4604999999999786e-10	0.7015614	0.24615794	0.6671089	413.498	-0	831232.4
1.4654999999999775e-10	0.6955591	0.25067922	0.67168415	413.2202	-0	831690.7
1.4704999999999765e-10	0.68942374	0.25510904	0.67631537	413.08157	-0	831919.3
1.4754999999999754e-10	0.68315405	0.25944665	0.6810019	412.8048	-0	832375.6
1.4804999999999744e-10	0.6767525	0.26368403	0.68574095	412.52875	-0	832830.6
1.4854999999999733e-10	0.67021984	0.26781675	0.69053084	412.39096	-0	833057.56
1.4904999999999723e-10	0.6635548	0.27184382	0.6953701	412.11588	-0	833510.56
1.4954999999999712e-10	0.6567606	0.27575707	0.7002561	411.8415	-0	833962.25
1.5004999999999702e-10	0.6498384	0.2795518	0.7051868	411.70456	-0	834187.56
1.505499999999969e-10	0.6427876	0.28322664	0.7101605	411.43115	-0	834637.3
1.510499999999968e-10	0.63561195	0.2867734	0.7151742	411.15845	-0	835085.7
1.515499999999967e-10	0.6283134	0.29018715	0.72022593	411.02234	-0	835309.4
1.520499999999966e-10	0.6208917	0.29346636	0.7253136	410.7506	-0	835755.8
1.525499999999965e-10	0.61335146	0.29660267	0.73043406	410.47955	-0	836200.94
1.5304999999999639e-10	0.60569525	0.2995911	0.735585	410.34427	-0	836423.06
1.5354999999999628e-10	0.59792334	0.3024299	0.7407641	410.07422	-0	836866.25
1.5404999999999617e-10	0.5900413	0.3051108	0.74596804	409.8048	-0	837308.1
1.5454999999999607e-10	0.5820523	0.30762884	0.7511941	409.67038	-0	837528.6
1.5504999999999596e-10	0.5739573	0.3099821	0.7564401	409.40195	-0	837968.6
1.5554999999999586e-10	0.5657628	0.31216252	0.76170224	409.13422	-0	838407.3
1.5604999999999575e-10	0.5574727	0.3141651	0.7669777	409.00058	-0	838626.2
1.5654999999999565e-10	0.54908895	0.31598803	0.772264	408.7338	-0	839063
1.5704999999999554e-10	0.54061854	0.3176236	0.7775572	408.46768	-0	839498.5
1.5754999999999544e-10	0.53206646	0.31906682	0.7828544	408.33487	-0	839715.8
1.5804999999999533e-10	0.5234353	0.32031623	0.78815264	408.06973	-0	840149.44
1.5854999999999523e-10	0.51473296	0.32136422	0.79344803	407.80524	-0	840581.8
1.5904999999999512e-10	0.5059654	0.32220656	0.79873735	407.67325	-0	840797.5
1.5954999999999502e-10	0.49713594	0.32284167	0.8040175	407.40973	-0	841228
1.6004999999999491e-10	0.48825347	0.3232628	0.8092846	407.14685	-0	841657.25
1.605499999999948e-10	0.4793246	0.323466	0.8145353	407.01566	-0	841871.44
1.610499999999947e-10	0.4703535	0.32345027	0.8197662	406.75372	-0	842298.8
1.615499999999946e-10	0.46135005	0.32320946	0.82497346	406.49246	-0	842724.94
1.620499999999945e-10	0.45232147	0.32274032	0.83015347	406.36206	-0	842937.56
1.625499999999944e-10	0.44327292	0.32204238	0.8353028	406.10175	-0	843361.9
1.6304999999999428e-10	0.43421483	0.3211104	0.8404177	405.84207	-0	843784.94
1.6354999999999418e-10	0.42515546	0.319942	0.84549415	405.71246	-0	843996
1.6404999999999407e-10	0.41610047	0.3185373	0.8505291	405.45377	-0	844417.25
1.6454999999999397e-10	0.407061	0.31689224	0.85551846	405.19565	-0	844837.25
1.6504999999999386e-10	0.39804593	0.3150053	0.86045843	405.06686	-0	845046.8
1.6554999999999376e-10	0.38906163	0.31287757	0.865346	404.80972	-0	845465
1.6604999999999365e-10	0.38011977	0.3105061	0.87017685	404.5532	-0	845882
1.6654999999999355e-10	0.37122974	0.30789047	0.87494767	404.42517	-0	846090.06
1.6704999999999344e-10	0.36239827	0.30503285	0.87965506	404.16962	-0	846505.25
1.6754999999999334e-10	0.35363758	0.30193156	0.8842953	403.91464	-0	846919.2
1.6804999999999323e-10	0.34495726	0.2985875	0.8888647	403.7874	-0	847125.75
1.6854999999999313e-10	0.33636454	0.2950039	0.89336026	403.53342	-0	847537.94
1.6904999999999302e-10	0.32787165	0.29118043	0.89777833	403.28003	-0	847948.94
1.6954999999999292e-10	0.31948838	0.28711942	0.90211564	403.15356	-0	848154
1.700499999999928e-10	0.3112221	0.2828252	0.9063691	402.9011	-0	848563.2
1.705499999999927e-10	0.30308506	0.27829915	0.9105354	402.64926	-0	848971.25
1.710499999999926e-10	0.29508686	0.27354482	0.9146114	402.52356	-0	849174.8
1.715499999999925e-10	0.28723487	0.2685678	0.9185948	402.27264	-0	849581.1
1.720499999999924e-10	0.279541	0.26337102	0.92248195	402.02234	-0	849986.25
1.7254999999999229e-10	0.27201456	0.25795949	0.92627054	401.89743	-0	850188.3
1.7304999999999218e-10	0.26466256	0.25234	0.929958	401.64804	-0	850591.7
1.7354999999999207e-10	0.25749642	0.24651703	0.9335414	401.39926	-0	850993.9
1.7404999999999197e-10	0.25052488	0.24049687	0.93701893	401.2751	-0	851194.56
1.7454999999999186e-10	0.24375449	0.23428768	0.940388	401.02722	-0	851595
1.7504999999999176e-10	0.23719567	0.22789532	0.94364697	400.77997	-0	851994.3
1.7554999999999165e-10	0.2308564	0.2213273	0.94679314	400.6566	-0	852193.56
1.7604999999999155e-10	0.22474262	0.21459305	0.9498254	400.41022	-0	852591.1
1.7654999999999144e-10	0.21886353	0.20769961	0.9527416	400.1645	-0	852987.56
1.7704999999999134e-10	0.21322615	0.20065586	0.9555408	400.04184	-0	853185.4
1.7754999999999123e-10	0.2078354	0.19347206	0.95822126	399.797	-0	853580.1
1.7804999999999113e-10	0.20269924	0.18615654	0.9607819	399.55273	-0	853973.7
1.7854999999999102e-10	0.19782342	0.17871906	0.9632218	399.43085	-0	854170.06
1.7904999999999092e-10	0.19321172	0.17117082	0.96554005	399.1875	-0	854562
1.7954999999999081e-10	0.18887061	0.16352104	0.9677362	398.94473	-0	854952.75
1.800499999999907e-10	0.18480441	0.15578027	0.9698095	398.82358	-0	855147.75
1.805499999999906e-10	0.18101563	0.1479604	0.97175974	398.58173	-0	855536.8
1.810499999999905e-10	0.17750902	0.1400713	0.973587	398.34045	-0	855924.8
1.815499999999904e-10	0.1742875	0.13212413	0.97529083	398.22003	-0	856118.4
1.820499999999903e-10	0.1713521	0.12413112	0.97687197	397.97964	-0	856504.7
1.8254999999999018e-10	0.16870588	0.11610264	0.9783305	397.73987	-0	856889.9
1.8304999999999008e-10	0.16635002	0.108050056	0.97966695	397.62018	-0	857082.06
1.8354999999998997e-10	0.1642842	0.099985875	0.98088217	397.38126	-0	857465.6
1.8404999999998987e-10	0.16250964	0.09192055	0.9819769	397.1429	-0	857848.06
1.8454999999998976e-10	0.16102591	0.08386545	0.9829524	397.024	-0	858038.9
1.8504999999998966e-10	0.15983121	0.07583303	0.9838098	396.78653	-0	858419.7
1.8554999999998955e-10	0.15892498	0.06783357	0.9845503	396.54965	-0	858799.44
1.8604999999998945e-10	0.15830517	0.059878256	0.9851755	396.43143	-0	858988.9
1.8654999999998934e-10	0.15796858	0.051979184	0.98568714	396.1954	-0	859366.94
1.8704999999998924e-10	0.15791287	0.044146225	0.98608685	395.96	-0	859743.94
1.8754999999998913e-10	0.15813446	0.036390062	0.9863767	395.8425	-0	859932.06
1.8804999999998903e-10	0.15862885	0.028722245	0.9865589	395.6079	-0	860307.44
1.8854999999998892e-10	0.15939207	0.021151967	0.9866353	395.37393	-0	860681.75
1.8904999999998882e-10	0.1604191	0.013689191	0.98660856	395.25714	-0	860868.5
1.895499999999887e-10	0.16170426	0.006344722	0.986481	395.02402	-0	861241.2
1.900499999999886e-10	0.16324206	-0.0008731504	0.986255	394.79144	-0	861612.8
1.905499999999885e-10	0.16502629	-0.0079553835	0.98593336	394.67538	-0	861798.25
1.910499999999884e-10	0.16705014	-0.0148920845	0.98551905	394.44366	-0	862168.3
1.915499999999883e-10	0.16930692	-0.02167606	0.98501456	394.21252	-0	862537.3
1.9204999999998819e-10	0.17178924	-0.028299341	0.98442304	394.09717	-0	862721.4
1.9254999999998808e-10	0.1744895	-0.03475309	0.98374736	393.86688	-0	863088.8
1.9304999999998798e-10	0.17739989	-0.04103134	0.9829908	393.63715	-0	863455.2
1.9354999999998787e-10	0.18051217	-0.047127325	0.98215616	393.5225	-0	863637.94
1.9404999999998776e-10	0.18381804	-0.053033344	0.9812471	393.29358	-0	864002.75
1.9454999999998766e-10	0.1873089	-0.058744777	0.98026663	393.06528	-0	864366.5
1.9504999999998755e-10	0.19097582	-0.06425612	0.97921795	392.9513	-0	864548
1.9554999999998745e-10	0.19481	-0.0695609	0.9781046	392.72382	-0	864910.2
1.9604999999998734e-10	0.19880219	-0.07465585	0.9769299	392.4969	-0	865271.4
1.9654999999998724e-10	0.2029431	-0.07953681	0.97569716	392.38364	-0	865451.56
1.9704999999998713e-10	0.2072236	-0.08419851	0.97441	392.15753	-0	865811.2
1.9754999999998703e-10	0.21163402	-0.0886391	0.9730717	391.93198	-0	866169.75
1.9804999999998692e-10	0.2161649	-0.09285572	0.97168565	391.8194	-0	866348.7
1.9854999999998682e-10	0.22080699	-0.09684431	0.97025555	391.5947	-0	866705.75
1.9904999999998671e-10	0.22555044	-0.10060441	0.9687847	391.3705	-0	867061.8
1.995499999999866e-10	0.23038577	-0.10413441	0.9672764	391.25864	-0	867239.44
2.000499999999865e-10	0.23530377	-0.107431434	0.9657343	391.03528	-0	867594
2.005499999999864e-10	0.24029464	-0.110496365	0.9641617	390.8125	-0	867947.5
2.010499999999863e-10	0.24534896	-0.11332879	0.962562	390.7013	-0	868123.9
2.015499999999862e-10	0.25045788	-0.115926936	0.9609386	390.4793	-0	868475.9
2.0204999999998608e-10	0.2556117	-0.1182929	0.95929486	390.25787	-0	868826.94
2.0254999999998598e-10	0.26080132	-0.12042746	0.9576339	390.14734	-0	869002.06
2.0304999999998587e-10	0.26601827	-0.1223298	0.9559591	389.92673	-0	869351.56
2.0354999999998577e-10	0.27125317	-0.12400321	0.9542735	389.70663	-0	869700.06
2.0404999999998566e-10	0.27649742	-0.12544945	0.9525804	389.5968	-0	869874
2.0454999999998556e-10	0.28174284	-0.12666865	0.9508829	389.3775	-0	870221
2.0504999999998545e-10	0.2869807	-0.1276651	0.94918406	389.15875	-0	870567.06
2.0554999999998535e-10	0.29220283	-0.12844151	0.94748664	389.0496	-0	870739.75
2.0604999999998524e-10	0.2974017	-0.12899877	0.9457939	388.83163	-0	871084.3
2.0654999999998514e-10	0.30256906	-0.12934215	0.94410837	388.61423	-0	871427.94
2.0704999999998503e-10	0.30769742	-0.12947513	0.94243294	388.50574	-0	871599.4
2.0754999999998493e-10	0.31277975	-0.12939928	0.94077045	388.28912	-0	871941.5
2.0804999999998482e-10	0.31780863	-0.12912065	0.9391236	388.07306	-0	872282.7
2.0854999999998472e-10	0.3227771	-0.1286434	0.9374945	387.9652	-0	872452.9
2.090499999999846e-10	0.32767886	-0.12796973	0.93588614	387.7499	-0	872792.6
2.095499999999845e-10	0.33250707	-0.12710631	0.9343006	387.53516	-0	873131.4
2.100499999999844e-10	0.33725563	-0.12605791	0.93274057	387.42798	-0	873300.4
2.105499999999843e-10	0.34191883	-0.12482717	0.9312081	387.214	-0	873637.7
2.110499999999842e-10	0.34649074	-0.12342132	0.92970526	387.00055	-0	873974.06
2.1154999999998409e-10	0.35096583	-0.121845566	0.9282342	386.894	-0	874141.9
2.1204999999998398e-10	0.35533905	-0.12010295	0.9267972	386.68137	-0	874476.8
2.1254999999998388e-10	0.3596053	-0.11820115	0.9253955	386.4692	-0	874810.8
2.1304999999998377e-10	0.36375985	-0.11614575	0.9240316	386.36334	-0	874977.44
2.1354999999998367e-10	0.3677982	-0.11394003	0.9227072	386.15195	-0	875310.06
2.1404999999998356e-10	0.37171617	-0.111592	0.9214235	385.9411	-0	875641.7
2.1454999999998345e-10	0.37550956	-0.10910754	0.9201825	385.83588	-0	875807.1
2.1504999999998335e-10	0.37917486	-0.1064901	0.91898537	385.6258	-0	876137.4
2.1554999999998324e-10	0.38270828	-0.103747986	0.9178339	385.41623	-0	876466.6
2.1604999999998314e-10	0.38610667	-0.100887194	0.9167289	385.31165	-0	876630.94
2.1654999999998303e-10	0.38936695	-0.09791136	0.9156722	385.10284	-0	876958.8
2.1704999999998293e-10	0.3924862	-0.09482892	0.9146642	384.89456	-0	877285.8
2.1754999999998282e-10	0.3954619	-0.091645986	0.9137064	384.79062	-0	877448.94
2.1804999999998272e-10	0.39829168	-0.08836625	0.9127998	384.5831	-0	877774.56
2.1854999999998261e-10	0.4009733	-0.08499824	0.911945	384.3761	-0	878099.2
2.190499999999825e-10	0.40350488	-0.08154813	0.9111428	384.2728	-0	878261.2
2.195499999999824e-10	0.40588477	-0.0780196	0.9103944	384.06653	-0	878584.5
2.200499999999823e-10	0.40811133	-0.074421205	0.90969974	383.86078	-0	878906.9
2.205499999999822e-10	0.41018343	-0.07075909	0.9090595	383.7581	-0	879067.7
2.210499999999821e-10	0.41209984	-0.0670369	0.90847445	383.5531	-0	879388.75
2.2154999999998198e-10	0.41385984	-0.06326317	0.9079447	383.34863	-0	879708.8
2.2204999999998188e-10	0.41546273	-0.059443954	0.9074703	383.24655	-0	879868.56
2.2254999999998177e-10	0.41690794	-0.05558284	0.90705186	383.04282	-0	880187.3
2.2304999999998167e-10	0.41819534	-0.05168826	0.9066892	382.83957	-0	880505.2
2.2354999999998156e-10	0.41932493	-0.047766168	0.90638244	382.73816	-0	880663.75
2.2404999999998146e-10	0.42029655	-0.04382001	0.90613157	382.53564	-0	880980.3
2.2454999999998135e-10	0.42111078	-0.039858095	0.90593624	382.33365	-0	881295.94
2.2504999999998125e-10	0.42176813	-0.03588621	0.90579635	382.23285	-0	881453.4
2.2554999999998114e-10	0.42226908	-0.031907674	0.90571177	382.0316	-0	881767.7
2.2604999999998104e-10	0.4226146	-0.027930593	0.905682	381.8308	-0	882081.1
2.2654999999998093e-10	0.42280596	-0.023960572	0.9057064	381.73062	-0	882237.5
2.2704999999998083e-10	0.42284402	-0.020000743	0.9057848	381.53058	-0	882549.56
2.2754999999998072e-10	0.42273048	-0.016058974	0.9059164	381.33105	-0	882860.75
2.2804999999998062e-10	0.42246696	-0.012140645	0.90610045	381.23148	-0	883016.06
2.285499999999805e-10	0.42205486	-0.008248685	0.9063365	381.03265	-0	883325.94
2.290499999999804e-10	0.42149645	-0.0043906807	0.90662354	380.83432	-0	883635
2.295499999999803e-10	0.4207938	-0.0005717487	0.9069607	380.73535	-0	883789.2
2.300499999999802e-10	0.41994876	0.003205431	0.90734726	380.53775	-0	884096.9
2.305499999999801e-10	0.4189642	0.0069335797	0.90778214	380.34064	-0	884403.75
2.3104999999997999e-10	0.41784278	0.010607893	0.9082639	380.24228	-0	884556.9
2.3154999999997988e-10	0.41658652	0.014225948	0.908792	380.0459	-0	884862.44
2.3204999999997978e-10	0.41519898	0.017780846	0.909365	379.84998	-0	885167.1
2.3254999999997967e-10	0.41368318	0.021268113	0.9099818	379.7522	-0	885319.2
2.3304999999997967e-10	0.41204163	0.024685634	0.910641	379.55704	-0	885622.6
2.335499999999798e-10	0.41027805	0.028027844	0.9113414	379.3947	-0	885874.8
2.3404999999998e-10	0.40839583	0.031290423	0.91208154	379.23273	-0	886126.5
2.3454999999998013e-10	0.40639862	0.03446942	0.9128599	379.0711	-0	886377.5
2.350499999999803e-10	0.40429023	0.037560966	0.91367507	378.9098	-0	886628
2.3554999999998044e-10	0.40207443	0.04056139	0.9145257	378.74878	-0	886877.9
2.360499999999806e-10	0.3997552	0.043467134	0.91541	378.58813	-0	887127.2
2.3654999999998074e-10	0.39733672	0.04627481	0.9163266	378.4278	-0	887375.9
2.370499999999809e-10	0.39482304	0.04898118	0.9172737	378.2678	-0	887624
2.3754999999998105e-10	0.3922187	0.051583167	0.9182496	378.10812	-0	887871.56
2.380499999999812e-10	0.38952804	0.054077882	0.9192528	377.94876	-0	888118.56
2.3854999999998136e-10	0.38675556	0.05646256	0.9202816	377.78973	-0	888364.94
2.390499999999815e-10	0.38390607	0.058734648	0.9213339	377.63104	-0	888610.8
2.3954999999998166e-10	0.38098407	0.060891774	0.92240846	377.47266	-0	888856.06
2.400499999999818e-10	0.37799454	0.06293173	0.923503	377.3146	-0	889100.75
2.4054999999998197e-10	0.3749423	0.0648525	0.9246159	377.15686	-0	889344.8
2.410499999999821e-10	0.37183237	0.06665227	0.92574555	376.99945	-0	889588.4
2.415499999999823e-10	0.3686698	0.0683294	0.92688984	376.84238	-0	889831.3
2.4204999999998243e-10	0.36545956	0.06988248	0.92804724	376.6856	-0	890073.75
2.425499999999826e-10	0.362207	0.07131027	0.9292156	376.52914	-0	890315.56
2.4304999999998274e-10	0.35891703	0.07261172	0.93039346	376.37302	-0	890556.9
2.435499999999829e-10	0.3555951	0.07378607	0.93157846	376.21722	-0	890797.56
2.4404999999998304e-10	0.3522464	0.07483266	0.93276924	376.0617	-0	891037.75
2.445499999999832e-10	0.34887618	0.075751126	0.9339638	375.90652	-0	891277.3
2.4504999999998335e-10	0.34548968	0.07654125	0.9351602	375.75168	-0	891516.4
2.455499999999835e-10	0.34209228	0.07720307	0.9363569	375.59714	-0	891754.9
2.4604999999998366e-10	0.33868918	0.077736855	0.93755203	375.4429	-0	891992.75
2.465499999999838e-10	0.33528563	0.07814303	0.9387438	375.289	-0	892230.1
2.4704999999998396e-10	0.3318869	0.07842228	0.93993044	375.1354	-0	892467
2.475499999999841e-10	0.32849815	0.078575484	0.9411103	374.98212	-0	892703.25
2.4804999999998427e-10	0.3251246	0.07860375	0.9422818	374.82913	-0	892938.94
2.485499999999844e-10	0.32177126	0.078508385	0.94344294	374.67648	-0	893174.1
2.490499999999846e-10	0.31844327	0.078290924	0.9445926	374.5241	-0	893408.75
2.4954999999998473e-10	0.31514546	0.077953085	0.94572884	374.37207	-0	893642.8
2.500499999999849e-10	0.31188282	0.07749682	0.9468503	374.22034	-0	893876.4
2.5054999999998504e-10	0.30866012	0.07692424	0.9479553	374.06894	-0	894109.4
2.510499999999852e-10	0.30548197	0.076237716	0.94904256	373.91782	-0	894341.8
2.5154999999998534e-10	0.302353	0.075439766	0.9501108	373.76703	-0	894573.75
2.520499999999855e-10	0.29927766	0.07453311	0.9511583	373.61652	-0	894805.1
2.5254999999998565e-10	0.29626024	0.07352065	0.9521841	373.46634	-0	895035.94
2.530499999999858e-10	0.293305	0.072405465	0.95318687	373.31644	-0	895266.25
2.5354999999998596e-10	0.2904159	0.07119082	0.9541652	373.16687	-0	895496
2.540499999999861e-10	0.28759685	0.06988012	0.95511836	373.0176	-0	895725.25
2.5454999999998626e-10	0.28485155	0.068476945	0.9560449	372.86862	-0	895953.94
2.550499999999864e-10	0.2821836	0.06698501	0.95694405	372.71997	-0	896182.1
2.5554999999998657e-10	0.2795963	0.06540819	0.95781493	372.57162	-0	896409.75
2.560499999999867e-10	0.2770929	0.06375048	0.9586565	372.42355	-0	896636.9
2.565499999999869e-10	0.27467635	0.062015995	0.9594678	372.27582	-0	896863.5
2.5704999999998703e-10	0.2723495	0.06020898	0.9602484	372.12836	-0	897089.56
2.575499999999872e-10	0.27011487	0.05833377	0.9609974	371.9812	-0	897315.06
2.5804999999998734e-10	0.2679749	0.056394786	0.96171445	371.83435	-0	897540.1
2.585499999999875e-10	0.2659318	0.054396566	0.96239877	371.6878	-0	897764.56
2.5904999999998764e-10	0.26398745	0.052343685	0.96304995	371.54153	-0	897988.56
2.595499999999878e-10	0.26214367	0.05024081	0.9636675	371.3956	-0	898212
2.6004999999998795e-10	0.260402	0.048092645	0.9642514	371.24994	-0	898435
2.605499999999881e-10	0.25876364	0.04590394	0.96480095	371.10458	-0	898657.4
2.6104999999998826e-10	0.25722975	0.043679465	0.96531636	370.9595	-0	898879.3
2.615499999999884e-10	0.2558012	0.04142403	0.9657972	370.81473	-0	899100.7
2.6204999999998856e-10	0.25447854	0.039142437	0.9662435	370.67026	-0	899321.56
2.625499999999887e-10	0.2532623	0.036839493	0.9666553	370.5261	-0	899541.94
2.6304999999998887e-10	0.2521526	0.034519985	0.96703273	370.3822	-0	899761.8
2.63549999999989e-10	0.25114933	0.032188676	0.96737576	370.23862	-0	899981.2
2.640499999999892e-10	0.25025234	0.029850308	0.9676847	370.0953	-0	900200.06
2.6454999999998933e-10	0.24946113	0.027509555	0.9679598	369.9523	-0	900418.4
2.650499999999895e-10	0.24877496	0.025171047	0.9682016	369.8096	-0	900636.25
2.6554999999998964e-10	0.24819303	0.022839356	0.96841	369.66718	-0	900853.56
2.660499999999898e-10	0.24771415	0.020518957	0.9685859	369.52505	-0	901070.4
2.6654999999998994e-10	0.24733707	0.01821426	0.9687298	369.3832	-0	901286.75
2.670499999999901e-10	0.24706027	0.015929565	0.96884173	369.24167	-0	901502.56
2.6754999999999025e-10	0.2468821	0.013669078	0.9689228	369.1004	-0	901717.94
2.680499999999904e-10	0.24680066	0.011436894	0.9689736	368.9594	-0	901932.75
2.6854999999999056e-10	0.24681394	0.009236975	0.9689947	368.81873	-0	902147.1
2.690499999999907e-10	0.24691972	0.0070731733	0.96898687	368.67834	-0	902360.94
2.6954999999999086e-10	0.24711566	0.0049491944	0.968951	368.5382	-0	902574.3
2.70049999999991e-10	0.24739918	0.0028686053	0.96888787	368.39838	-0	902787.2
2.7054999999999117e-10	0.2477677	0.00083483086	0.96879834	368.25885	-0	902999.56
2.710499999999913e-10	0.24821833	-0.0011488649	0.9686834	368.1196	-0	903211.44
2.715499999999915e-10	0.2487482	-0.0030793673	0.9685439	367.98062	-0	903422.8
2.7204999999999163e-10	0.24935424	-0.0049537364	0.9683809	367.84192	-0	903633.75
2.725499999999918e-10	0.25003332	-0.0067691896	0.9681955	367.70352	-0	903844.2
2.7304999999999194e-10	0.25078213	-0.008523116	0.96798843	367.5654	-0	904054.1
2.735499999999921e-10	0.25159737	-0.010213083	0.9677609	367.42755	-0	904263.56
2.7404999999999224e-10	0.25247562	-0.011836831	0.96751404	367.28998	-0	904472.56
2.745499999999924e-10	0.25341332	-0.013392284	0.96724904	367.1527	-0	904681.06
2.7504999999999255e-10	0.25440687	-0.014877539	0.96696687	367.01572	-0	904889.06
2.755499999999927e-10	0.25545275	-0.016290877	0.9666685	366.879	-0	905096.56
2.7604999999999286e-10	0.25654727	-0.017630767	0.9663553	366.74255	-0	905303.6
2.76549999999993e-10	0.25768667	-0.018895851	0.9660285	366.60638	-0	905510.25
2.7704999999999317e-10	0.25886717	-0.020084957	0.965689	366.4705	-0	905716.3
2.775499999999933e-10	0.26008517	-0.021197092	0.965338	366.33487	-0	905921.94
2.7804999999999347e-10	0.2613368	-0.022231452	0.9649768	366.19955	-0	906127.1
2.785499999999936e-10	0.26261833	-0.023187404	0.9646064	366.06448	-0	906331.8
2.790499999999938e-10	0.26392597	-0.024064496	0.9642279	365.92972	-0	906536.06
2.7954999999999393e-10	0.265256	-0.024862442	0.96384263	365.7952	-0	906739.8
2.800499999999941e-10	0.2666047	-0.02558113	0.96345156	365.66098	-0	906943.06
2.8054999999999424e-10	0.26796833	-0.026220625	0.9630559	365.527	-0	907145.9
2.810499999999944e-10	0.26934335	-0.026781153	0.96265686	365.39334	-0	907348.25
2.8154999999999455e-10	0.27072605	-0.02726309	0.9622553	365.25992	-0	907550.1
2.820499999999947e-10	0.27211294	-0.027666988	0.9618524	365.12677	-0	907751.56
2.8254999999999485e-10	0.27350047	-0.02799354	0.9614491	364.99393	-0	907952.5
2.83049999999995e-10	0.2748853	-0.028243594	0.9610467	364.86133	-0	908153
2.8354999999999516e-10	0.27626395	-0.028418135	0.96064585	364.729	-0	908353.06
2.840499999999953e-10	0.27763325	-0.028518297	0.9602478	364.59692	-0	908552.6
2.8454999999999547e-10	0.27898997	-0.028545339	0.9598536	364.46515	-0	908751.75
2.850499999999956e-10	0.28033093	-0.028500652	0.9594638	364.33362	-0	908950.4
2.8554999999999577e-10	0.28165326	-0.028385753	0.9590795	364.2024	-0	909148.6
2.860499999999959e-10	0.28295386	-0.028202271	0.95870185	364.0714	-0	909346.4
2.865499999999961e-10	0.28423	-0.027951948	0.9583314	363.94067	-0	909543.7
2.8704999999999623e-10	0.28547898	-0.02763664	0.9579689	363.81024	-0	909740.5
2.875499999999964e-10	0.28669816	-0.027258297	0.9576153	363.68005	-0	909936.94
2.8804999999999654e-10	0.28788507	-0.026818963	0.95727116	363.55014	-0	910132.9
2.885499999999967e-10	0.28903732	-0.026320761	0.95693743	363.42047	-0	910328.4
2.8904999999999685e-10	0.29015267	-0.025765918	0.9566147	363.2911	-0	910523.44
2.89549999999997e-10	0.29122892	-0.02515673	0.95630336	363.162	-0	910718.06
2.9004999999999715e-10	0.29226407	-0.024495551	0.95600444	363.0331	-0	910912.2
2.905499999999973e-10	0.29325628	-0.023784813	0.9557182	362.9045	-0	911105.94
2.9104999999999746e-10	0.29420373	-0.02302699	0.95544523	362.77618	-0	911299.2
2.915499999999976e-10	0.29510474	-0.022224622	0.95518595	362.6481	-0	911492
2.9204999999999777e-10	0.2959579	-0.02138029	0.95494086	362.5203	-0	911684.44
2.925499999999979e-10	0.29676172	-0.020496622	0.9547105	362.39276	-0	911876.4
2.9304999999999807e-10	0.297515	-0.019576259	0.954495	362.26547	-0	912067.9
2.9354999999999823e-10	0.29821655	-0.018621895	0.95429486	362.13843	-0	912258.94
2.940499999999984e-10	0.2988654	-0.017636228	0.9541102	362.01166	-0	912449.6
2.9454999999999853e-10	0.29946074	-0.016621983	0.9539414	361.88516	-0	912639.8
2.950499999999987e-10	0.3000017	-0.015581886	0.95378876	361.75888	-0	912829.56
2.9554999999999884e-10	0.3004878	-0.014518676	0.95365226	361.6329	-0	913018.94
2.96049999999999e-10	0.3009184	-0.01343509	0.95353204	361.50717	-0	913207.8
2.9654999999999915e-10	0.30129322	-0.01233386	0.9534284	361.38168	-0	913396.3
2.970499999999993e-10	0.30161202	-0.0112177	0.9533412	361.25644	-0	913584.3
2.9754999999999945e-10	0.30187467	-0.010089312	0.9532704	361.13147	-0	913771.94
2.980499999999996e-10	0.30208114	-0.008951375	0.9532161	361.00674	-0	913959.1
2.9854999999999976e-10	0.30223158	-0.0078065465	0.95317835	360.8823	-0	914145.9
2.990499999999999e-10	0.30232626	-0.006657452	0.95315677	360.7581	-0	914332.25
2.9950000000000005e-10	0.302364	-0.0056216377	0.95315146	360.63412	-0	914518.1
3.000000000000002e-10	0.30235368	-0.0044715162	0.9531607	360.51044	-0	914703.6
3.0050000000000036e-10	0.30228886	-0.0033245103	0.95318586	360.387	-0	914888.7
3.010000000000005e-10	0.30217025	-0.0021830748	0.9532266	360.2638	-0	915073.3
3.0150000000000066e-10	0.3019986	-0.0010496108	0.9532829	360.14084	-0	915257.56
3.020000000000008e-10	0.30177474	7.3534815e-05	0.95335424	360.01813	-0	915441.3
3.0250000000000097e-10	0.30149966	0.0011840806	0.95344055	359.8957	-0	915624.7
3.030000000000011e-10	0.30117446	0.002279802	0.9535414	359.7735	-0	915807.7
3.035000000000013e-10	0.30080026	0.0033585508	0.95365626	359.65155	-0	915990.25
3.0400000000000143e-10	0.30037826	0.004418243	0.953785	359.52985	-0	916172.4
3.045000000000016e-10	0.29990983	0.0054568793	0.9539271	359.40842	-0	916354.06
3.0500000000000174e-10	0.2993964	0.006472526	0.95408213	359.2872	-0	916535.4
3.055000000000019e-10	0.29883936	0.0074633406	0.9542497	359.16626	-0	916716.25
3.0600000000000205e-10	0.2982403	0.0084275585	0.954429	359.04553	-0	916896.75
3.065000000000022e-10	0.2976008	0.009363503	0.95462006	358.92508	-0	917076.8
3.0700000000000235e-10	0.29692262	0.01026958	0.9548221	358.80487	-0	917256.44
3.075000000000025e-10	0.29620743	0.011144297	0.9550346	358.6849	-0	917435.7
3.0800000000000266e-10	0.295457	0.011986245	0.9552569	358.56516	-0	917614.56
3.085000000000028e-10	0.2946732	0.012794111	0.95548874	358.44568	-0	917793
3.0900000000000297e-10	0.29385793	0.013566681	0.9557294	358.32645	-0	917971
3.095000000000031e-10	0.2930131	0.014302836	0.9559783	358.20746	-0	918148.6
3.1000000000000327e-10	0.2921406	0.015001542	0.956235	358.0887	-0	918325.9
3.105000000000034e-10	0.2912425	0.015661888	0.9564985	357.97018	-0	918502.7
3.110000000000036e-10	0.2903208	0.016283043	0.9567686	357.85193	-0	918679.1
3.1150000000000373e-10	0.28937757	0.01686428	0.95704466	357.7339	-0	918855.1
3.120000000000039e-10	0.28841475	0.017404977	0.95732594	357.61612	-0	919030.75
3.1250000000000404e-10	0.28743452	0.017904617	0.95761174	357.49857	-0	919205.94
3.130000000000042e-10	0.2864389	0.018362768	0.9579017	357.38126	-0	919380.75
3.1350000000000435e-10	0.28543	0.018779112	0.9581952	357.2642	-0	919555.2
3.140000000000045e-10	0.28440988	0.01915342	0.95849156	357.14737	-0	919729.25
3.1450000000000465e-10	0.2833806	0.01948557	0.95879	357.0308	-0	919902.9
3.150000000000048e-10	0.28234425	0.01977553	0.9590902	356.91443	-0	920076.1
3.1550000000000496e-10	0.28130284	0.020023374	0.9593915	356.7983	-0	920248.94
3.160000000000051e-10	0.2802584	0.020229254	0.9596932	356.68243	-0	920421.4
3.1650000000000527e-10	0.27921292	0.020393427	0.95999485	356.5668	-0	920593.44
3.170000000000054e-10	0.2781684	0.020516254	0.96029586	356.4514	-0	920765.1
3.1750000000000557e-10	0.27712676	0.020598155	0.9605958	356.33624	-0	920936.44
3.1800000000000573e-10	0.27608994	0.020639667	0.96089375	356.22128	-0	921107.3
3.185000000000059e-10	0.27505985	0.020641401	0.9611897	356.1066	-0	921277.8
3.1900000000000603e-10	0.2740382	0.02060405	0.9614826	355.99213	-0	921447.94
3.195000000000062e-10	0.27302676	0.02052838	0.96177244	355.8779	-0	921617.7
3.2000000000000634e-10	0.2720273	0.020415237	0.9620584	355.7639	-0	921787.06
3.205000000000065e-10	0.2710415	0.020265555	0.9623403	355.65015	-0	921956
3.2100000000000665e-10	0.27007103	0.020080324	0.9626174	355.5366	-0	922124.6
3.215000000000068e-10	0.26911727	0.019860605	0.96288955	355.4233	-0	922292.8
3.2200000000000695e-10	0.26818177	0.019607527	0.9631561	355.3102	-0	922460.6
3.225000000000071e-10	0.267266	0.019322272	0.9634169	355.1974	-0	922628.06
3.2300000000000726e-10	0.26637128	0.019006085	0.9636714	355.08478	-0	922795.1
3.235000000000074e-10	0.26549888	0.018660262	0.9639194	354.97238	-0	922961.8
3.2400000000000757e-10	0.26465	0.018286148	0.9641603	354.86023	-0	923128.1
3.245000000000077e-10	0.26382577	0.017885132	0.96439403	354.74832	-0	923294.06
3.2500000000000787e-10	0.26302722	0.01745865	0.9646205	354.63663	-0	923459.6
3.2550000000000803e-10	0.2622554	0.017008161	0.964839	354.52515	-0	923624.8
3.260000000000082e-10	0.26151115	0.016535178	0.96504974	354.4139	-0	923789.6
3.2650000000000833e-10	0.26079527	0.016041225	0.9652521	354.30292	-0	923954.1
3.270000000000085e-10	0.26010853	0.015527857	0.9654461	354.1921	-0	924118.2
3.2750000000000864e-10	0.25945157	0.014996651	0.9656317	354.08157	-0	924281.9
3.280000000000088e-10	0.25882494	0.0144492	0.9658085	353.97122	-0	924445.2
3.2850000000000895e-10	0.25822914	0.013887102	0.96597654	353.8611	-0	924608.2
3.290000000000091e-10	0.25766462	0.013311977	0.9661358	353.75122	-0	924770.75
3.2950000000000925e-10	0.25713158	0.012725434	0.966286	353.64157	-0	924933
3.300000000000094e-10	0.2566304	0.012129092	0.9664272	353.53214	-0	925094.9
3.3050000000000956e-10	0.25616112	0.011524562	0.96655935	353.4229	-0	925256.3
3.310000000000097e-10	0.2557239	0.010913439	0.9666825	353.31393	-0	925417.5
3.3150000000000987e-10	0.2553187	0.010297317	0.96679664	353.20517	-0	925578.25
3.3200000000001e-10	0.2549455	0.009677769	0.9669019	353.09662	-0	925738.6
3.3250000000001017e-10	0.25460407	0.009056347	0.966998	352.98828	-0	925898.7
3.3300000000001033e-10	0.2542942	0.008434583	0.96708536	352.8802	-0	926058.4
3.335000000000105e-10	0.2540156	0.007813976	0.96716404	352.7723	-0	926217.7
3.3400000000001063e-10	0.25376794	0.007196	0.96723413	352.66464	-0	926376.7
3.345000000000108e-10	0.25355074	0.0065820985	0.9672955	352.5572	-0	926535.25
3.3500000000001094e-10	0.25336346	0.005973672	0.96734875	352.44998	-0	926693.5
3.355000000000111e-10	0.2532056	0.0053720823	0.96739393	352.34296	-0	926851.44
3.3600000000001125e-10	0.25307643	0.004778651	0.96743095	352.23618	-0	927008.94
3.365000000000114e-10	0.25297534	0.004194654	0.96746016	352.1296	-0	927166.1
3.3700000000001155e-10	0.25290164	0.0036213214	0.9674818	352.02325	-0	927322.94
3.375000000000117e-10	0.25285438	0.0030598275	0.9674963	351.9171	-0	927479.44
3.3800000000001186e-10	0.2528328	0.0025113006	0.9675036	351.81122	-0	927635.56
3.38500000000012e-10	0.25283596	0.0019768153	0.9675041	351.7055	-0	927791.3
3.3900000000001217e-10	0.25286296	0.0014573862	0.9674981	351.6	-0	927946.75
3.395000000000123e-10	0.2529128	0.00095397147	0.9674857	351.49475	-0	928101.8
3.400000000000125e-10	0.25298446	0.00046747405	0.96746737	351.38968	-0	928256.56
3.4050000000001263e-10	0.25307688	-1.2637262e-06	0.9674433	351.28485	-0	928410.94
3.410000000000128e-10	0.25318903	-0.00045146435	0.96741384	351.18024	-0	928564.94
3.4150000000001293e-10	0.25331974	-0.0008824065	0.9673794	351.0758	-0	928718.6
3.420000000000131e-10	0.25346786	-0.0012934353	0.96734005	350.97162	-0	928871.94
3.4250000000001324e-10	0.2536323	-0.001683962	0.9672965	350.8676	-0	929024.94
3.430000000000134e-10	0.2538118	-0.0020534536	0.9672486	350.76382	-0	929177.6
3.4350000000001355e-10	0.25400525	-0.0024014458	0.96719694	350.66028	-0	929329.94
3.440000000000137e-10	0.25421146	-0.002727536	0.96714187	350.55692	-0	929481.9
3.4450000000001385e-10	0.25442916	-0.003031388	0.96708375	350.45377	-0	929633.5
3.45000000000014e-10	0.25465718	-0.003312722	0.9670226	350.35083	-0	929784.75
3.4550000000001416e-10	0.2548943	-0.0035713278	0.96695924	350.2481	-0	929935.7
3.460000000000143e-10	0.2551393	-0.0038070532	0.96689373	350.1456	-0	930086.3
3.4650000000001447e-10	0.255391	-0.0040198094	0.9668262	350.0433	-0	930236.56
3.470000000000146e-10	0.25564826	-0.004209567	0.9667574	349.9412	-0	930386.5
3.475000000000148e-10	0.25590974	-0.0043763565	0.9666873	349.83932	-0	930536.1
3.4800000000001493e-10	0.2561744	-0.0045202645	0.9666165	349.73764	-0	930685.4
3.485000000000151e-10	0.25644103	-0.004641434	0.9665452	349.63617	-0	930834.25
3.4900000000001524e-10	0.2567086	-0.0047400645	0.9664737	349.5349	-0	930982.9
3.495000000000154e-10	0.25697595	-0.0048164073	0.9664021	349.43384	-0	931131.1
3.5000000000001554e-10	0.25724193	-0.0048707644	0.96633095	349.333	-0	931279.06
3.505000000000157e-10	0.25750548	-0.004903486	0.9662605	349.23236	-0	931426.6
3.5100000000001585e-10	0.25776556	-0.0049149855	0.9661909	349.1319	-0	931573.9
3.51500000000016e-10	0.25802115	-0.0049057095	0.9661225	349.03168	-0	931720.8
3.5200000000001616e-10	0.2582714	-0.004876153	0.9660557	348.93164	-0	931867.44
3.525000000000163e-10	0.2585153	-0.004826847	0.9659906	348.83182	-0	932013.7
3.5300000000001646e-10	0.25875196	-0.0047583696	0.9659274	348.73218	-0	932159.6
3.535000000000166e-10	0.2589805	-0.0046713306	0.9658665	348.63278	-0	932305.25
3.5400000000001677e-10	0.2592002	-0.0045663808	0.965808	348.53354	-0	932450.56
3.545000000000169e-10	0.2594101	-0.004444197	0.965752	348.43454	-0	932595.5
3.550000000000171e-10	0.25960964	-0.0043054894	0.96569896	348.33572	-0	932740.1
3.5550000000001723e-10	0.25979802	-0.004151	0.96564883	348.23712	-0	932884.44
3.560000000000174e-10	0.25997466	-0.003981495	0.96560186	348.1387	-0	933028.44
3.5650000000001754e-10	0.2601389	-0.00379776	0.9655583	348.0405	-0	933172.1
3.570000000000177e-10	0.26029024	-0.0036006067	0.9655181	347.94247	-0	933315.5
3.5750000000001784e-10	0.2604281	-0.0033908556	0.9654816	347.84467	-0	933458.5
3.58000000000018e-10	0.26055202	-0.0031693547	0.9654489	347.74707	-0	933601.2
3.5850000000001815e-10	0.2606616	-0.002936958	0.96541977	347.64966	-0	933743.6
3.590000000000183e-10	0.2607565	-0.0026945346	0.96539485	347.55243	-0	933885.7
3.5950000000001846e-10	0.26083633	-0.0024429571	0.9653738	347.4554	-0	934027.44
3.600000000000186e-10	0.26090088	-0.0021831058	0.9653569	347.3586	-0	934168.9
3.6050000000001876e-10	0.26094985	-0.0019158694	0.9653441	347.262	-0	934310
3.610000000000189e-10	0.26098314	-0.0016421295	0.96533555	347.16556	-0	934450.8
3.6150000000001907e-10	0.26100048	-0.0013627722	0.96533126	347.06934	-0	934591.3
3.620000000000192e-10	0.26100188	-0.0010786777	0.9653311	346.97333	-0	934731.44
3.625000000000194e-10	0.26098725	-0.0007907245	0.9653353	346.87747	-0	934871.3
3.6300000000001953e-10	0.26095662	-0.0004997772	0.96534365	346.78186	-0	935010.9
3.635000000000197e-10	0.26090997	-0.00020669987	0.9653564	346.6864	-0	935150.1
3.6400000000001984e-10	0.2608474	8.766405e-05	0.9653732	346.59116	-0	935289.06
3.6450000000002e-10	0.26076904	0.00038248123	0.9653943	346.4961	-0	935427.7
3.6500000000002014e-10	0.26067507	0.0006769354	0.96541935	346.40125	-0	935566
3.655000000000203e-10	0.2605657	0.00097022636	0.9654487	346.30658	-0	935704
3.6600000000002045e-10	0.26044106	0.0012615729	0.9654819	346.2121	-0	935841.7
3.665000000000206e-10	0.2603016	0.001550219	0.96551913	346.11783	-0	935979.06
3.6700000000002076e-10	0.26014745	0.0018354254	0.9655601	346.02374	-0	936116.2
3.675000000000209e-10	0.25997907	0.0021164815	0.9656048	345.92984	-0	936252.94
3.6800000000002106e-10	0.2597968	0.0023926988	0.9656532	345.83615	-0	936389.4
3.685000000000212e-10	0.25960106	0.0026634166	0.96570516	345.74265	-0	936525.56
3.6900000000002137e-10	0.25939223	0.0029280009	0.9657605	345.64932	-0	936661.44
3.695000000000215e-10	0.25917086	0.0031858485	0.9658191	345.55618	-0	936797
3.700000000000217e-10	0.25893736	0.0034363898	0.9658809	345.46323	-0	936932.25
3.7050000000002183e-10	0.25869232	0.0036790797	0.9659457	345.37048	-0	937067.2
3.71000000000022e-10	0.2584362	0.0039134105	0.96601325	345.27792	-0	937201.9
3.7150000000002214e-10	0.25816956	0.0041389	0.96608365	345.18555	-0	937336.25
3.720000000000223e-10	0.257893	0.004355108	0.9661567	345.09335	-0	937470.25
3.7250000000002244e-10	0.25760707	0.0045616245	0.966232	345.00137	-0	937604.06
3.730000000000226e-10	0.25731242	0.004758073	0.96630967	344.90955	-0	937737.5
3.7350000000002275e-10	0.2570096	0.004944112	0.96638936	344.81793	-0	937870.7
3.740000000000229e-10	0.2566993	0.0051194383	0.966471	344.7265	-0	938003.5
3.7450000000002306e-10	0.25638214	0.005283776	0.9665543	344.63525	-0	938136.1
3.750000000000232e-10	0.2560587	0.0054368945	0.96663916	344.5442	-0	938268.4
3.7550000000002336e-10	0.25572973	0.005578592	0.96672565	344.4533	-0	938400.4
3.760000000000235e-10	0.25539577	0.0057087024	0.96681315	344.36264	-0	938532.06
3.7650000000002367e-10	0.25505748	0.0058270935	0.9669017	344.27213	-0	938663.44
3.770000000000238e-10	0.25471565	0.0059336727	0.9669914	344.1818	-0	938794.56
3.77500000000024e-10	0.25437075	0.006028377	0.96708155	344.09167	-0	938925.4
3.7800000000002413e-10	0.25402346	0.006111175	0.9671725	344.0017	-0	939055.9
3.785000000000243e-10	0.25367445	0.0061820718	0.9672637	343.91193	-0	939186.1
3.7900000000002444e-10	0.25332445	0.0062411064	0.96735525	343.82236	-0	939316.06
3.795000000000246e-10	0.252974	0.00628835	0.9674466	343.73294	-0	939445.7
3.8000000000002474e-10	0.25262374	0.006323909	0.96753806	343.64374	-0	939575.06
3.805000000000249e-10	0.25227422	0.006347911	0.96762913	343.5547	-0	939704.1
3.8100000000002505e-10	0.25192595	0.0063605127	0.96771985	343.46582	-0	939832.94
3.815000000000252e-10	0.25157952	0.006361897	0.9678101	343.37717	-0	939961.44
3.8200000000002536e-10	0.25123563	0.0063522803	0.96789956	343.28867	-0	940089.7
3.825000000000255e-10	0.25089476	0.006331905	0.9679882	343.20035	-0	940217.6
3.8300000000002566e-10	0.25055745	0.006301045	0.9680759	343.1122	-0	940345.25
3.835000000000258e-10	0.25022414	0.006259983	0.9681624	343.02426	-0	940472.6
3.8400000000002597e-10	0.24989529	0.006209032	0.9682477	342.93646	-0	940599.7
3.845000000000261e-10	0.2495715	0.0061485264	0.9683317	342.84888	-0	940726.5
3.850000000000263e-10	0.24925306	0.006078817	0.96841425	342.76147	-0	940853.06
3.8550000000002643e-10	0.24894047	0.0060002785	0.96849525	342.67422	-0	940979.25
3.860000000000266e-10	0.2486341	0.005913297	0.9685745	342.58716	-0	941105.25
3.8650000000002674e-10	0.24833426	0.005818279	0.9686522	342.50027	-0	941230.94
3.870000000000269e-10	0.24804145	0.005715645	0.96872795	342.41357	-0	941356.3
3.8750000000002704e-10	0.24775578	0.00560582	0.96880174	342.32703	-0	941481.44
3.880000000000272e-10	0.24747765	0.0054892474	0.9688736	342.2407	-0	941606.3
3.8850000000002735e-10	0.24720736	0.005366385	0.9689433	342.1545	-0	941730.9
3.890000000000275e-10	0.24694508	0.0052376897	0.969011	342.0685	-0	941855.2
3.8950000000002766e-10	0.24669105	0.0051036305	0.96907645	341.9827	-0	941979.2
3.900000000000278e-10	0.24644546	0.0049646795	0.96913975	341.89703	-0	942102.94
3.9050000000002796e-10	0.24620844	0.0048213154	0.96920085	341.81155	-0	942226.4
3.910000000000281e-10	0.24598014	0.004674015	0.96925956	341.72626	-0	942349.6
3.9150000000002827e-10	0.24576068	0.004523261	0.96931607	341.6411	-0	942472.5
3.920000000000284e-10	0.24555014	0.004369534	0.9693701	341.55618	-0	942595.2
3.925000000000286e-10	0.24534853	0.0042133145	0.969422	341.4714	-0	942717.56
3.9300000000002873e-10	0.24515592	0.0040550786	0.9694714	341.38678	-0	942839.7
3.935000000000289e-10	0.24497232	0.003895295	0.96951854	341.30234	-0	942961.5
3.9400000000002904e-10	0.24479768	0.0037344345	0.9695633	341.21808	-0	943083.06
3.945000000000292e-10	0.24463195	0.0035729548	0.9696058	341.134	-0	943204.4
3.9500000000002935e-10	0.24447511	0.003411304	0.96964604	341.05008	-0	943325.44
3.955000000000295e-10	0.244327	0.003249931	0.969684	340.96634	-0	943446.2
3.9600000000002965e-10	0.24418753	0.0030892633	0.9697197	340.88275	-0	943566.7
3.965000000000298e-10	0.24405664	0.0029297266	0.96975327	340.79935	-0	943686.94
3.9700000000002996e-10	0.24393407	0.0027717294	0.96978456	340.7161	-0	943806.9
3.975000000000301e-10	0.24381965	0.0026156695	0.9698136	340.63306	-0	943926.56
3.9800000000003027e-10	0.24371324	0.0024619265	0.96984094	340.55014	-0	944046
3.985000000000304e-10	0.24361463	0.0023108677	0.9698661	340.4674	-0	944165.2
3.9900000000003057e-10	0.24352355	0.0021628458	0.9698893	340.38486	-0	944284.1
3.995000000000307e-10	0.24343981	0.0020181965	0.9699106	340.30246	-0	944402.75
4.000000000000309e-10	0.24336307	0.0018772437	0.96993023	340.22025	-0	944521.1
4.0050000000003103e-10	0.24329315	0.0017402844	0.969948	340.13818	-0	944639.25
4.010000000000312e-10	0.24322964	0.0016076071	0.9699642	340.0563	-0	944757.1
4.0150000000003134e-10	0.24317242	0.0014794711	0.96997875	339.97458	-0	944874.7
4.020000000000315e-10	0.24312101	0.0013561264	0.96999186	339.89304	-0	944992.06
4.0250000000003165e-10	0.24307519	0.0012377995	0.97000355	339.81165	-0	945109.1
4.030000000000318e-10	0.24303465	0.0011247011	0.97001386	339.7304	-0	945225.94
4.0350000000003195e-10	0.24299893	0.0010170196	0.9700228	339.64935	-0	945342.5
4.040000000000321e-10	0.24296781	0.0009149197	0.9700307	339.56848	-0	945458.8
4.0450000000003226e-10	0.24294098	0.00081855425	0.9700375	339.48776	-0	945574.9
4.050000000000324e-10	0.24291793	0.0007280481	0.9700433	339.4072	-0	945690.7
4.0550000000003257e-10	0.2428985	0.00064351014	0.9700483	339.32678	-0	945806.25
4.060000000000327e-10	0.24288225	0.0005650378	0.97005236	339.24655	-0	945921.5
4.0650000000003287e-10	0.24286877	0.0004926967	0.97005576	339.1665	-0	946036.56
4.0700000000003303e-10	0.24285771	0.00042653695	0.9700585	339.08658	-0	946151.3
4.075000000000332e-10	0.24284883	0.00036659028	0.97006077	339.00684	-0	946265.9
4.0800000000003333e-10	0.24284175	0.00031287273	0.97006255	338.92728	-0	946380.1
4.085000000000335e-10	0.24283613	0.00026537842	0.9700639	338.84784	-0	946494.1
4.0900000000003364e-10	0.24283166	0.0002240848	0.97006506	338.7686	-0	946607.94
4.095000000000338e-10	0.2428279	0.00018895678	0.97006595	338.68948	-0	946721.44
4.1000000000003395e-10	0.24282455	0.00015993208	0.9700668	338.61057	-0	946834.7
4.105000000000341e-10	0.2428213	0.00013693435	0.9700675	338.5318	-0	946947.75
4.1100000000003425e-10	0.24281783	0.00011987569	0.97006834	338.4532	-0	947060.5
4.115000000000344e-10	0.24281387	0.000108644774	0.9700693	338.37473	-0	947173
4.1200000000003456e-10	0.24280906	0.00010312742	0.9700705	338.29645	-0	947285.3
4.125000000000347e-10	0.24280326	0.00010318843	0.97007203	338.21832	-0	947397.3
4.1300000000003487e-10	0.24279608	0.00010868008	0.9700738	338.14035	-0	947509.1
4.13500000000035e-10	0.24278717	0.000119444296	0.97007596	338.06253	-0	947620.6
4.1400000000003517e-10	0.24277636	0.00013530186	0.9700786	337.9849	-0	947731.94
4.1450000000003533e-10	0.2427634	0.00015606925	0.9700818	337.90738	-0	947843
4.150000000000355e-10	0.24274807	0.00018155434	0.97008556	337.83005	-0	947953.75
4.1550000000003563e-10	0.24273014	0.00021155029	0.9700901	337.75287	-0	948064.3
4.160000000000358e-10	0.24270947	0.0002458495	0.97009516	337.67584	-0	948174.6
4.1650000000003594e-10	0.24268591	0.00028423365	0.9701011	337.59897	-0	948284.7
4.170000000000361e-10	0.24265914	0.00032647123	0.97010773	337.52228	-0	948394.56
4.1750000000003625e-10	0.24262902	0.00037232964	0.97011524	337.44574	-0	948504.1
4.180000000000364e-10	0.24259543	0.00042156666	0.9701235	337.36932	-0	948613.5
4.1850000000003655e-10	0.24255838	0.0004739407	0.97013265	337.2931	-0	948722.56
4.190000000000367e-10	0.24251756	0.0005292083	0.97014296	337.217	-0	948831.44
4.1950000000003686e-10	0.24247289	0.0005871133	0.970154	337.14108	-0	948940.06
4.20000000000037e-10	0.24242434	0.00064740446	0.9701661	337.0653	-0	949048.44
4.2050000000003717e-10	0.24237193	0.00070983096	0.97017914	336.9897	-0	949156.6
4.210000000000373e-10	0.24231541	0.00077413704	0.970193	336.9142	-0	949264.5
4.2150000000003747e-10	0.24225482	0.0008400673	0.9702083	336.83893	-0	949372.2
4.218500000000376e-10	0.24221002	0.0008868818	0.9702194	336.80133	0	949425.94
