# t (s)	mx ()	my ()	mz ()	T (K)	J (A/m^2)	Ms (A/m)
0	0	0	1	300	0	1e+06
5e-13	0.19723414	-0.008665099	0.9803161	300.1541	1.4074226e+12	999796.8
1e-12	0.19528875	-0.020901337	0.9805211	300.76825	2.0562277e+12	998986.3
1.5499999999999999e-12	0.19300142	-0.039442435	0.9804034	301.82095	2.78734e+12	997594.3
2.05e-12	0.19087163	-0.06168219	0.97967327	303.64096	3.6356725e+12	995179.7
2.55e-12	0.18881828	-0.089537285	0.9779198	306.55548	4.5630546e+12	991291.9
3.0499999999999997e-12	0.18699425	-0.12311338	0.9746143	310.87817	5.510649e+12	985477.8
3.5499999999999996e-12	0.18556309	-0.16204563	0.96917737	316.81583	6.4036253e+12	977399
4.05e-12	0.18467735	-0.20543888	0.96108615	324.36877	7.1602007e+12	966968.25
4.55e-12	0.1844701	-0.251886	0.9500116	333.2654	7.7037217e+12	954462.06
5.05e-12	0.18506835	-0.29958206	0.93594784	342.96817	7.9753925e+12	940553.8
5.5499999999999996e-12	0.1866223	-0.34653062	0.9192861	352.764	7.94474e+12	926229.94
6.0499999999999995e-12	0.18932928	-0.3908082	0.90078944	361.9164	7.6152365e+12	912592.8
6.549999999999999e-12	0.19342847	-0.43082163	0.8814625	369.82587	7.023656e+12	900611.4
7.049999999999999e-12	0.1991613	-0.4654897	0.86235243	376.14227	6.2333167e+12	890913.3
7.500000000000003e-12	0.20586245	-0.49169832	0.84607947	380.7953	5.322936e+12	883695.8
8.000000000000011e-12	0.21512726	-0.51523525	0.8296078	383.94595	4.373805e+12	878773.44
8.500000000000019e-12	0.22625476	-0.53327316	0.81512195	385.89215	3.4581489e+12	875718.7
9.000000000000027e-12	0.23909172	-0.54643106	0.8026469	386.96945	2.6308984e+12	874023.06
9.500000000000035e-12	0.25339457	-0.5554435	0.79200107	387.47824	1.9259304e+12	873221.1
1.0000000000000043e-11	0.26886842	-0.5610575	0.7828886	387.648	1.3566044e+12	872953.4
1.0500000000000051e-11	0.2852058	-0.56396186	0.77497923	387.63287	9.1947926e+11	872977.25
1.1000000000000059e-11	0.3021178	-0.56474966	0.76796377	387.52533	5.996623e+11	873146.9
1.1500000000000067e-11	0.31935355	-0.56390315	0.7615835	387.3755	3.7631168e+11	873383.1
1.2000000000000075e-11	0.33670968	-0.56179476	0.7556409	387.20795	2.2722953e+11	873647.25
1.2500000000000083e-11	0.3540308	-0.55870014	0.7499954	387.03375	1.3202553e+11	873921.75
1.3000000000000091e-11	0.37120384	-0.55481535	0.74455416	386.8574	7.381204e+10	874199.6
1.3500000000000099e-11	0.38815013	-0.5502758	0.7392603	386.68054	3.9707505e+10	874478.1
1.4000000000000107e-11	0.4048168	-0.5451731	0.7340813	386.50378	2.0553894e+10	874756.4
1.4500000000000115e-11	0.42116907	-0.53956944	0.72900134	386.32733	1.0237448e+10	875034.1
1.500000000000011e-11	0.43718395	-0.53350866	0.72401375	386.13364	4.5488645e+09	875338.9
1.55000000000001e-11	0.45284602	-0.52702296	0.7191175	385.92282	1.7803652e+09	875670.44
1.6000000000000093e-11	0.46814647	-0.5201355	0.71431494	385.81763	1.0908906e+09	875835.8
1.6500000000000085e-11	0.48307812	-0.5128672	0.7096095	385.6076	3.9288342e+08	876166
1.7000000000000077e-11	0.49763468	-0.50523776	0.70500517	385.39807	1.3386399e+08	876495.2
1.750000000000007e-11	0.5118129	-0.49726337	0.7005063	385.29352	7.653021e+07	876659.44
1.800000000000006e-11	0.52560973	-0.48896024	0.6961171	385.08475	2.3994372e+07	876987.25
1.8500000000000052e-11	0.5390217	-0.48034567	0.6918415	384.87653	7.1171065e+06	877314.1
1.9000000000000044e-11	0.5520478	-0.47143364	0.68768334	384.77258	3.7963792e+06	877477.25
1.9500000000000036e-11	0.5646866	-0.46223903	0.68364674	384.56512	1.0361916e+06	877802.75
2.0000000000000028e-11	0.5769363	-0.45277765	0.6797346	384.35815	267564.28	878127.3
2.050000000000002e-11	0.5887971	-0.4430621	0.67595077	384.25485	133165.36	878289.3
2.100000000000001e-11	0.6002687	-0.4331061	0.6722984	384.04865	31641.404	878612.5
2.1500000000000003e-11	0.61135066	-0.42292398	0.6687803	383.84296	7112.755	878934.8
2.2049999999999994e-11	0.6230919	-0.41147688	0.6650689	383.7403	3302.9194	879095.6
2.2549999999999986e-11	0.6333589	-0.40085775	0.6618423	383.53534	683.2135	879416.56
2.3049999999999978e-11	0.64323854	-0.3900507	0.65875834	383.3309	133.70035	879736.56
2.354999999999997e-11	0.6527319	-0.3790673	0.65581906	383.22885	57.92815	879896.25
2.404999999999996e-11	0.6618414	-0.36791566	0.65302765	383.02518	10.431389	880214.94
2.4549999999999953e-11	0.67056763	-0.35660937	0.6503855	382.82196	1.7771014	880532.75
2.5049999999999945e-11	0.67891216	-0.3451587	0.6478946	382.72055	0.71840006	880691.25
2.5549999999999937e-11	0.68687755	-0.3335707	0.6455574	382.5181	0.1126193	881007.75
2.604999999999993e-11	0.69446474	-0.32185784	0.6433749	382.31613	0.016702324	881323.25
2.654999999999992e-11	0.70167565	-0.31002945	0.64134884	382.21536	0.006299819	881480.7
2.7049999999999912e-11	0.7085128	-0.29809144	0.6394814	382.01413	0.00085974275	881794.94
2.7549999999999904e-11	0.71497744	-0.28605542	0.63777304	381.81342	0.000111000925	882108.25
2.8049999999999896e-11	0.7210715	-0.2739298	0.63622546	381.71323	3.9063823e-05	882264.6
2.8549999999999888e-11	0.7267975	-0.26171958	0.63483995	381.51324	4.640975e-06	882576.6
2.904999999999988e-11	0.73215663	-0.24943565	0.6336173	381.31375	5.216285e-07	882887.75
2.95499999999999e-11	0.7371511	-0.23708332	0.6325588	381.14786	8.089564e-08	883146.4
3.0049999999999925e-11	0.74178237	-0.22467121	0.63166517	380.9823	1.2071604e-08	883404.44
3.054999999999995e-11	0.7460522	-0.21220648	0.6309371	380.81708	1.733329e-09	883661.8
3.104999999999997e-11	0.7499621	-0.19969617	0.63037515	380.65222	2.3948216e-10	883918.7
3.155e-11	0.7535138	-0.18714713	0.62998	380.48767	3.183768e-11	884174.9
3.200000000000002e-11	0.7564052	-0.17582567	0.62976724	380.32346	4.072731e-12	884430.5
3.250000000000004e-11	0.7592799	-0.16322131	0.62969023	380.1596	5.0130977e-13	884685.5
3.300000000000007e-11	0.7618002	-0.15059735	0.62978095	379.99606	5.937488e-14	884939.94
3.350000000000009e-11	0.7639674	-0.13796018	0.6300399	379.83286	6.766677e-15	885193.75
3.4000000000000115e-11	0.7657824	-0.12531607	0.63046694	379.66998	7.420347e-16	885447
3.450000000000014e-11	0.7672462	-0.112671405	0.6310621	379.50745	7.829772e-17	885699.7
3.5000000000000163e-11	0.76835936	-0.10003242	0.6318253	379.34525	7.949689e-18	885951.7
3.550000000000019e-11	0.7691232	-0.08740539	0.6327565	379.18335	7.766534e-19	886203.2
3.600000000000021e-11	0.76953787	-0.07479661	0.63385516	379.02182	7.300969e-20	886454.06
3.6500000000000236e-11	0.7696043	-0.062212378	0.63512105	378.8606	6.6040424e-21	886704.3
3.700000000000026e-11	0.76932275	-0.049659066	0.6365536	378.6997	5.747981e-22	886954.06
3.7500000000000284e-11	0.76869357	-0.037143134	0.63815224	378.53915	4.8138978e-23	887203.2
3.800000000000031e-11	0.76771736	-0.024671096	0.6399162	378.37894	3.8793107e-24	887451.7
3.850000000000033e-11	0.7663942	-0.012249591	0.64184475	378.21902	3.0080728e-25	887699.6
3.9000000000000356e-11	0.7647244	0.00011461408	0.6439368	378.05945	2.2443897e-26	887947.06
3.950000000000038e-11	0.76270795	0.0124146165	0.6461915	377.90018	1.6113292e-27	888193.8
4.0000000000000405e-11	0.7603452	0.024643354	0.64860743	377.74127	1.1131313e-28	888440.06
4.050000000000043e-11	0.7576363	0.036793586	0.6511834	377.58267	7.399198e-30	888685.7
4.100000000000045e-11	0.75458133	0.04885789	0.653918	377.42438	4.732591e-31	888930.8
4.150000000000048e-11	0.75118065	0.060828637	0.65680975	377.26642	2.9126578e-32	889175.3
4.20000000000005e-11	0.74743414	0.07269799	0.6598566	377.1088	1.7248686e-33	889419.25
4.2500000000000525e-11	0.7433426	0.08445785	0.663057	376.95148	9.828759e-35	889662.6
4.300000000000055e-11	0.738906	0.09609996	0.6664091	376.7945	5.3891157e-36	889905.4
4.3500000000000574e-11	0.7341249	0.1076157	0.6699104	376.63782	2.8432328e-37	890147.6
4.40000000000006e-11	0.72900015	0.11899631	0.67355865	376.48145	1.4433891e-38	890389.3
4.450000000000062e-11	0.7235323	0.13023268	0.6773518	376.32544	7.05068e-40	890630.4
4.5000000000000646e-11	0.71772265	0.14131545	0.68128663	376.1697	3.3141e-41	890870.94
4.550000000000067e-11	0.7115723	0.15223502	0.68536085	376.0143	1.5e-42	891110.94
4.6000000000000694e-11	0.7050824	0.16298151	0.6895713	375.85922	6.6e-44	891350.4
4.650000000000072e-11	0.698255	0.17354472	0.69391483	375.70447	3e-45	891589.25
4.700000000000074e-11	0.6910922	0.18391421	0.6983883	375.55002	0	891827.56
4.7500000000000767e-11	0.6835961	0.19407931	0.70298797	375.3959	0	892065.3
4.800000000000079e-11	0.6757696	0.20402902	0.7077103	375.24207	0	892302.5
4.8500000000000815e-11	0.6676158	0.21375214	0.71255153	375.08856	0	892539.1
4.900000000000084e-11	0.65913826	0.22323714	0.7175075	374.93536	0	892775.25
4.950000000000086e-11	0.6503413	0.23247248	0.722574	374.7825	0	893010.8
5.000000000000089e-11	0.64122915	0.24144617	0.7277465	374.62994	0	893245.8
5.050000000000091e-11	0.631807	0.25014618	0.73302037	374.47766	0	893480.25
5.1000000000000935e-11	0.6220807	0.2585602	0.7383909	374.32574	0	893714.2
5.150000000000096e-11	0.6120563	0.266676	0.743853	374.1741	0	893947.56
5.2000000000000984e-11	0.60174096	0.27448103	0.7494014	374.02277	0	894180.4
5.250000000000101e-11	0.59114206	0.28196272	0.7550308	373.87177	0	894412.7
5.300000000000103e-11	0.5802679	0.2891086	0.76073533	373.72104	0	894644.44
5.3500000000001056e-11	0.5691277	0.295906	0.76650935	373.57065	0	894875.6
5.400000000000108e-11	0.5577308	0.30234247	0.77234685	373.42053	0	895106.3
5.4500000000001104e-11	0.5460881	0.30840558	0.7782419	373.27075	0	895336.44
5.500000000000113e-11	0.53421074	0.31408304	0.7841877	373.12128	0	895566.06
5.550000000000115e-11	0.5221109	0.31936273	0.7901779	372.9721	0	895795.1
5.6000000000001177e-11	0.5098014	0.3242329	0.7962059	372.8232	0	896023.7
5.65000000000012e-11	0.497296	0.328682	0.80226487	372.67465	0	896251.7
5.7000000000001225e-11	0.48460945	0.3326989	0.8083478	372.5264	0	896479.1
5.750000000000125e-11	0.4717571	0.33627287	0.8144474	372.37842	0	896706.1
5.800000000000127e-11	0.4587551	0.33939368	0.8205568	372.23077	0	896932.56
5.85000000000013e-11	0.44562066	0.34205168	0.82666826	372.0834	0	897158.44
5.900000000000132e-11	0.43237165	0.34423792	0.83277464	371.93634	0	897383.8
5.950000000000135e-11	0.41902655	0.34594402	0.8388682	371.78958	0	897608.7
6.000000000000137e-11	0.40560505	0.34716246	0.8449416	371.64313	0	897833
6.05000000000014e-11	0.39212716	0.3478864	0.850987	371.49695	0	898056.8
6.100000000000142e-11	0.37861374	0.3481101	0.8569969	371.3511	0	898280.1
6.150000000000144e-11	0.36508638	0.34782872	0.86296344	371.20554	0	898502.94
6.200000000000147e-11	0.35156706	0.34703827	0.8688791	371.06027	0	898725.2
6.250000000000149e-11	0.33807853	0.34573603	0.8747361	370.91528	0	898946.94
6.300000000000151e-11	0.32464385	0.34392044	0.8805269	370.7706	0	899168.2
6.350000000000154e-11	0.3112865	0.34159103	0.8862441	370.62622	0	899388.94
6.400000000000156e-11	0.2980305	0.33874848	0.8918802	370.48215	0	899609.1
6.450000000000159e-11	0.28489992	0.33539504	0.89742774	370.33835	0	899828.9
6.500000000000161e-11	0.27191907	0.33153403	0.9028798	370.19485	0	900048.06
6.550000000000163e-11	0.25911236	0.3271702	0.90822905	370.05164	0	900266.75
6.600000000000166e-11	0.2465042	0.32230973	0.91346866	369.90872	0	900484.94
6.650000000000168e-11	0.23411894	0.31696013	0.9185924	369.76608	0	900702.6
6.700000000000171e-11	0.22198069	0.31113037	0.9235933	369.62378	0	900919.8
6.750000000000173e-11	0.2101133	0.30483073	0.9284653	369.48172	0	901136.5
6.800000000000176e-11	0.1985402	0.29807308	0.93320274	369.33997	0	901352.7
6.850000000000178e-11	0.18728435	0.29087052	0.93779963	369.19852	0	901568.4
6.90000000000018e-11	0.17636813	0.28323755	0.9422507	369.05734	0	901783.56
6.950000000000183e-11	0.16581321	0.2751901	0.9465511	368.91644	0	901998.25
7.000000000000185e-11	0.15564042	0.26674527	0.95069575	368.77585	0	902212.44
7.050000000000188e-11	0.14586978	0.25792158	0.9546807	368.63553	0	902426.1
7.10000000000019e-11	0.13652027	0.24873856	0.9585017	368.4955	0	902639.3
7.150000000000192e-11	0.12760982	0.23921703	0.9621551	368.35577	0	902852.06
7.200000000000195e-11	0.11915521	0.2293789	0.96563786	368.2163	0	903064.25
7.250000000000197e-11	0.11117198	0.21924691	0.9689469	368.07715	0	903276
7.3000000000002e-11	0.10367434	0.20884484	0.97207993	367.93826	0	903487.25
7.350000000000202e-11	0.09667513	0.1981973	0.97503483	367.79965	0	903698
7.400000000000205e-11	0.09018582	0.18732953	0.9778101	367.66132	0	903908.3
7.450000000000207e-11	0.08421632	0.17626753	0.9804044	367.5233	0	904118.1
7.500000000000209e-11	0.07877504	0.16503769	0.98281705	367.38553	0	904327.4
7.550000000000212e-11	0.073868856	0.15366693	0.98504764	367.24805	0	904536.25
7.600000000000214e-11	0.069503024	0.14218241	0.98709595	367.11087	0	904744.56
7.650000000000217e-11	0.065681234	0.13061154	0.9889629	366.97394	0	904952.44
7.700000000000219e-11	0.062405523	0.11898179	0.99064916	366.8373	0	905159.8
7.750000000000221e-11	0.059676364	0.10732067	0.99215573	366.70096	0	905366.75
7.800000000000224e-11	0.057492603	0.09565547	0.99348456	366.56488	0	905573.2
7.850000000000226e-11	0.055851508	0.08401337	0.9946375	366.42908	0	905779.1
7.900000000000229e-11	0.054748822	0.072421126	0.9956171	366.29355	0	905984.6
7.950000000000231e-11	0.054178726	0.060905077	0.99642587	366.1583	0	906189.7
8.000000000000233e-11	0.05413396	0.04949107	0.9970671	366.02332	0	906394.2
8.050000000000236e-11	0.05460582	0.03820427	0.997544	365.88864	0	906598.25
8.100000000000238e-11	0.055584233	0.02706918	0.9978605	365.7542	0	906801.9
8.150000000000241e-11	0.057057813	0.016109476	0.9980205	365.62006	0	907005
8.200000000000243e-11	0.05901393	0.005347981	0.9980282	365.48618	0	907207.7
8.250000000000246e-11	0.061438784	-0.005193427	0.99788845	365.35257	0	907409.9
8.300000000000248e-11	0.06431747	-0.015493871	0.9976056	365.21924	0	907611.6
8.35000000000025e-11	0.06763409	-0.025533525	0.99718493	365.08618	0	907812.94
8.400000000000253e-11	0.07137177	-0.035293687	0.99663156	364.9534	0	908013.75
8.450000000000255e-11	0.07551283	-0.04475678	0.99595094	364.8209	0	908214.1
8.500000000000258e-11	0.08003877	-0.053906437	0.9951486	364.68866	0	908414
8.55000000000026e-11	0.08493046	-0.06272749	0.99423015	364.55667	0	908613.44
8.600000000000262e-11	0.09016814	-0.071206	0.99320173	364.425	0	908812.44
8.650000000000265e-11	0.09573157	-0.079329304	0.99206877	364.29355	0	909010.94
8.700000000000267e-11	0.10160006	-0.08708595	0.99083763	364.16238	0	909209
8.75000000000027e-11	0.107752606	-0.09446581	0.98951435	364.03146	0	909406.6
8.800000000000272e-11	0.11416793	-0.10145997	0.98810506	363.90085	0	909603.8
8.850000000000274e-11	0.12082455	-0.10806073	0.98661596	363.77048	0	909800.5
8.900000000000277e-11	0.12770097	-0.11426172	0.9850533	363.64038	0	909996.8
8.950000000000279e-11	0.13477556	-0.1200577	0.9834231	363.51053	0	910192.6
9.000000000000282e-11	0.14202684	-0.12544467	0.9817315	363.38095	0	910387.94
9.050000000000284e-11	0.14943334	-0.13041973	0.979985	363.25165	0	910582.9
9.100000000000287e-11	0.15697382	-0.13498119	0.97818935	363.12262	0	910777.4
9.150000000000289e-11	0.16462733	-0.1391284	0.97635096	362.99384	0	910971.4
9.200000000000291e-11	0.17237309	-0.14286178	0.97447544	362.86533	0	911164.94
9.250000000000294e-11	0.18019076	-0.1461828	0.97256917	362.73706	0	911358.1
9.300000000000296e-11	0.18806036	-0.14909388	0.9706375	362.60907	0	911550.8
9.350000000000299e-11	0.19596231	-0.15159835	0.9686864	362.48135	0	911743.06
9.400000000000301e-11	0.20387755	-0.15370049	0.96672124	362.35388	0	911934.9
9.450000000000303e-11	0.21178755	-0.15540533	0.9647479	362.22665	0	912126.25
9.500000000000306e-11	0.21967432	-0.1567188	0.9627714	362.0997	0	912317.2
9.550000000000308e-11	0.22752032	-0.15764752	0.960797	361.97302	0	912507.7
9.60000000000031e-11	0.23530877	-0.15819883	0.9588298	361.8466	0	912697.8
9.650000000000313e-11	0.24302343	-0.1583807	0.95687467	361.7204	0	912887.44
9.700000000000315e-11	0.25064865	-0.15820175	0.9549365	361.59448	0	913076.6
9.750000000000318e-11	0.25816956	-0.15767112	0.9530197	361.4688	0	913265.4
9.80000000000032e-11	0.26557186	-0.15679853	0.95112866	361.3434	0	913453.75
9.850000000000323e-11	0.27284187	-0.15559407	0.9492678	361.21826	0	913641.6
9.900000000000325e-11	0.27996668	-0.15406837	0.94744104	361.09338	0	913829.1
9.950000000000328e-11	0.28693405	-0.1522324	0.94565237	360.96875	0	914016.2
1.000000000000033e-10	0.29373235	-0.15009746	0.9439053	360.84436	0	914202.8
1.0050000000000332e-10	0.30035064	-0.14767523	0.9422036	360.7202	0	914389
1.0100000000000335e-10	0.30677876	-0.14497758	0.94055045	360.59634	0	914574.8
1.0150000000000337e-10	0.3130071	-0.1420167	0.938949	360.47272	0	914760.1
1.020000000000034e-10	0.3190267	-0.13880494	0.93740225	360.34933	0	914945.06
1.0250000000000342e-10	0.3248295	-0.13535482	0.93591297	360.22623	0	915129.56
1.0300000000000344e-10	0.33040777	-0.131679	0.93448377	360.10336	0	915313.7
1.0350000000000347e-10	0.3357546	-0.12779029	0.9331168	359.98074	0	915497.4
1.0400000000000349e-10	0.3408637	-0.12370152	0.93181455	359.85837	0	915680.6
1.0450000000000352e-10	0.34572938	-0.11942566	0.9305789	359.73624	0	915863.44
1.0500000000000354e-10	0.35034648	-0.11497565	0.9294117	359.61438	0	916045.9
1.0550000000000356e-10	0.35471064	-0.11036445	0.9283146	359.49277	0	916227.9
1.0600000000000359e-10	0.3588179	-0.10560506	0.92728907	359.37137	0	916409.44
1.0650000000000361e-10	0.36266488	-0.100710355	0.9263362	359.25024	0	916590.6
1.0700000000000364e-10	0.3662489	-0.095693246	0.9254574	359.12936	0	916771.4
1.0750000000000366e-10	0.3695677	-0.09056653	0.92465335	359.00876	0	916951.75
1.0800000000000369e-10	0.3726197	-0.085342936	0.92392474	358.88837	0	917131.7
1.0850000000000371e-10	0.37540358	-0.08003505	0.92327225	358.76822	0	917311.2
1.0900000000000373e-10	0.3779189	-0.07465539	0.92269635	358.64832	0	917490.3
1.0950000000000376e-10	0.3801653	-0.0692163	0.9221971	358.52866	0	917669.06
1.1000000000000378e-10	0.38214332	-0.06373002	0.92177474	358.40927	0	917847.4
1.105000000000038e-10	0.38385367	-0.058208574	0.9214289	358.2901	0	918025.25
1.1100000000000383e-10	0.38529766	-0.052663866	0.9211595	358.17117	0	918202.75
1.1150000000000385e-10	0.3864771	-0.047107574	0.9209661	358.0525	0	918379.9
1.1200000000000388e-10	0.38739407	-0.041551203	0.92084813	357.93408	0	918556.56
1.125000000000039e-10	0.3880512	-0.036006033	0.9208047	357.8159	0	918732.9
1.1300000000000393e-10	0.38845152	-0.030483149	0.92083526	357.6979	0	918908.75
1.1350000000000395e-10	0.38859847	-0.02499338	0.92093843	357.5802	0	919084.25
1.1400000000000397e-10	0.38849598	-0.019547332	0.9211134	357.46274	0	919259.4
1.14500000000004e-10	0.3881481	-0.014155352	0.92135864	357.34552	0	919434.06
1.1500000000000402e-10	0.3875595	-0.008827523	0.9216729	357.22852	0	919608.4
1.1550000000000405e-10	0.38673517	-0.0035736724	0.9220545	357.11176	0	919782.25
1.1600000000000407e-10	0.38568044	0.0015966718	0.92250186	356.99524	0	919955.75
1.1650000000000407e-10	0.38440084	0.0066742543	0.9230134	356.87897	0	920128.9
1.1700000000000396e-10	0.38290274	0.011649492	0.9235867	356.80933	0	920232.56
1.1750000000000386e-10	0.38119212	0.016514653	0.9242204	356.6703	0	920439.5
1.1800000000000375e-10	0.37927583	0.021260664	0.924912	356.5316	0	920645.9
1.1850000000000365e-10	0.37716058	0.025880292	0.92565936	356.46237	0	920748.8
1.1900000000000354e-10	0.3748537	0.030365895	0.92646044	356.3242	0	920954.3
1.1950000000000344e-10	0.37236282	0.034709428	0.9273128	356.18634	0	921159.3
1.2000000000000333e-10	0.36969543	0.038904678	0.928214	356.11752	0	921261.56
1.2050000000000323e-10	0.36685967	0.042945083	0.92916125	355.9802	0	921465.7
1.2100000000000312e-10	0.36386395	0.04682371	0.93015224	355.84317	0	921669.25
1.2150000000000302e-10	0.36071652	0.050535474	0.93118435	355.7748	0	921770.9
1.2200000000000291e-10	0.35742605	0.05407495	0.9322549	355.6383	0	921973.56
1.225000000000028e-10	0.35400167	0.057436444	0.9333611	355.50214	0	922175.8
1.230000000000027e-10	0.35045227	0.06061602	0.9345001	355.43417	0	922276.7
1.235000000000026e-10	0.3467869	0.06360951	0.93566906	355.2985	0	922478.06
1.240000000000025e-10	0.34301534	0.06641249	0.9368652	355.16315	0	922678.9
1.245000000000024e-10	0.3391468	0.069022305	0.9380858	355.0956	0	922779.06
1.2500000000000228e-10	0.33519083	0.07143605	0.9393277	354.9608	0	922979.06
1.2550000000000218e-10	0.33115748	0.073650666	0.9405881	354.82626	0	923178.56
1.2600000000000207e-10	0.32705614	0.075664796	0.9418642	354.75912	0	923278.06
1.2650000000000197e-10	0.3228967	0.07747691	0.94315296	354.6251	0	923476.75
1.2700000000000186e-10	0.31868932	0.07908531	0.9444515	354.49142	0	923674.8
1.2750000000000176e-10	0.31444356	0.08049	0.94575703	354.42468	0	923773.7
1.2800000000000165e-10	0.3101693	0.08169082	0.94706655	354.2915	0	923971
1.2850000000000155e-10	0.30587655	0.08268747	0.9483774	354.15863	0	924167.75
1.2900000000000144e-10	0.30157492	0.08348134	0.9496866	354.09232	0	924265.94
1.2950000000000134e-10	0.29727405	0.08407363	0.95099163	353.95993	0	924461.94
1.3000000000000123e-10	0.29298386	0.08446548	0.9522896	353.82785	0	924657.4
1.3050000000000113e-10	0.28871346	0.084659554	0.9535779	353.76193	0	924754.94
1.3100000000000102e-10	0.28447232	0.08465844	0.9548539	353.63037	0	924949.56
1.3150000000000092e-10	0.28026977	0.08446461	0.9561155	353.4991	0	925143.7
1.320000000000008e-10	0.27611458	0.08408206	0.95735955	353.4336	0	925240.56
1.325000000000007e-10	0.27201545	0.083514616	0.9585842	353.30283	0	925433.9
1.330000000000006e-10	0.26798126	0.08276609	0.9597869	353.17236	0	925626.7
1.335000000000005e-10	0.26401997	0.08184164	0.9609656	353.10727	0	925722.94
1.340000000000004e-10	0.26013958	0.080746315	0.96211815	352.9773	0	925914.94
1.3450000000000029e-10	0.25634813	0.07948505	0.9632424	352.84763	0	926106.44
1.3500000000000018e-10	0.25265273	0.078064114	0.9643367	352.78293	0	926202
1.3550000000000007e-10	0.24906045	0.07648959	0.9653991	352.65375	0	926392.75
1.3604999999999996e-10	0.24523623	0.07458755	0.9665286	352.52487	0	926583
1.3654999999999985e-10	0.24188237	0.07271101	0.96751845	352.46057	0	926677.9
1.3704999999999975e-10	0.23865096	0.070702225	0.96847147	352.33215	0	926867.4
1.3754999999999964e-10	0.23554808	0.06856755	0.96938634	352.2041	0	927056.3
1.3804999999999954e-10	0.2325789	0.066314526	0.9702617	352.14017	0	927150.56
1.3854999999999943e-10	0.22974764	0.0639517	0.9710966	352.01254	0	927338.75
1.3904999999999933e-10	0.22705902	0.061486147	0.9718899	351.88525	0	927526.44
1.3954999999999922e-10	0.22451684	0.058925923	0.9726407	351.82172	0	927620.06
1.4004999999999912e-10	0.22212416	0.056280036	0.9733485	351.6949	0	927806.94
1.4054999999999901e-10	0.21988432	0.053555973	0.9740125	351.5684	0	927993.4
1.410499999999989e-10	0.21779978	0.05076212	0.974632	351.50525	0	928086.4
1.415499999999988e-10	0.21587223	0.047907725	0.9752071	351.37918	0	928272
1.420499999999987e-10	0.21410364	0.045000453	0.97573704	351.25345	0	928457.2
1.425499999999986e-10	0.21249507	0.042048793	0.97622174	351.19067	0	928549.56
1.430499999999985e-10	0.21104695	0.039061997	0.97666156	351.0654	0	928733.94
1.4354999999999838e-10	0.2097598	0.03604769	0.97705626	350.9404	0	928917.9
1.4404999999999828e-10	0.2086334	0.033014216	0.9774061	350.87805	0	929009.6
1.4454999999999817e-10	0.20766681	0.029970618	0.9777114	350.7535	0	929192.75
1.4504999999999807e-10	0.20685926	0.026924253	0.97797257	350.6293	0	929375.44
1.4554999999999796e-10	0.20620924	0.023883127	0.9781902	350.56732	0	929466.56
1.4604999999999786e-10	0.20571457	0.020855857	0.97836477	350.44354	0	929648.5
1.4654999999999775e-10	0.20537329	0.017849317	0.9784971	350.3201	0	929829.94
1.4704999999999765e-10	0.20518264	0.014870974	0.97858804	350.25848	0	929920.5
1.4754999999999754e-10	0.20513946	0.011928838	0.9786384	350.13547	0	930101.2
1.4804999999999744e-10	0.2052405	0.009029138	0.9786494	350.0128	0	930281.44
1.4854999999999733e-10	0.20548211	0.0061786156	0.9786217	349.95154	0	930371.3
1.4904999999999723e-10	0.20586003	0.0033845208	0.97855693	349.82928	0	930550.8
1.4954999999999712e-10	0.20637019	0.000652272	0.9784558	349.70734	0	930729.8
1.5004999999999702e-10	0.20700793	-0.0020122393	0.9783202	349.64645	0	930819.2
1.505499999999969e-10	0.20776828	-0.00460265	0.978151	349.52496	0	930997.44
1.510499999999968e-10	0.20864628	-0.00711447	0.97794956	349.40375	0	931175.25
1.515499999999967e-10	0.20963664	-0.009542767	0.9777178	349.34326	0	931264
1.520499999999966e-10	0.21073367	-0.011882143	0.97745687	349.2225	0	931441.06
1.525499999999965e-10	0.21193187	-0.014129135	0.9771684	349.10202	0	931617.7
1.5304999999999639e-10	0.21322545	-0.016279828	0.9768539	349.0419	0	931705.8
1.5354999999999628e-10	0.2146082	-0.018329857	0.9765152	348.92188	0	931881.7
1.5404999999999617e-10	0.2160743	-0.020276815	0.97615373	348.80215	0	932057.1
1.5454999999999607e-10	0.21761747	-0.02211785	0.9757712	348.7424	0	932144.7
1.5504999999999596e-10	0.21923137	-0.023849642	0.9753693	348.6231	0	932319.44
1.5554999999999586e-10	0.22090985	-0.02547086	0.97494984	348.5041	0	932493.7
1.5604999999999575e-10	0.2226465	-0.026979709	0.97451437	348.4447	0	932580.6
1.5654999999999565e-10	0.22443496	-0.028373912	0.9740645	348.32614	0	932754.2
1.5704999999999554e-10	0.22626895	-0.029653186	0.9736022	348.20786	0	932927.25
1.5754999999999544e-10	0.22814213	-0.030816777	0.9731289	348.14883	0	933013.6
1.5804999999999533e-10	0.23004812	-0.031863395	0.97264636	348.031	0	933186
1.5854999999999523e-10	0.23198086	-0.032793783	0.97215635	347.91345	0	933357.94
1.5904999999999512e-10	0.23393412	-0.033608142	0.9716604	347.85477	0	933443.75
1.5954999999999502e-10	0.2359018	-0.034306124	0.9711602	347.73764	0	933614.94
1.6004999999999491e-10	0.23787794	-0.034889407	0.97065705	347.62082	0	933785.75
1.605499999999948e-10	0.2398568	-0.03535911	0.970153	347.5625	0	933870.94
1.610499999999947e-10	0.2418326	-0.035715733	0.9696491	347.4461	0	934041.06
1.615499999999946e-10	0.2437997	-0.03596179	0.9691472	347.33	0	934210.7
1.620499999999945e-10	0.24575275	-0.036099195	0.96864843	347.27203	0	934295.3
1.625499999999944e-10	0.24768637	-0.036129225	0.96815443	347.15634	0	934464.3
1.6304999999999428e-10	0.24959566	-0.036055155	0.9676666	347.04092	0	934632.75
1.6354999999999418e-10	0.25147566	-0.035879597	0.9671861	346.98334	0	934716.9
1.6404999999999407e-10	0.2533216	-0.035604462	0.96671414	346.86835	0	934884.7
1.6454999999999397e-10	0.25512907	-0.035233673	0.9662522	346.75363	0	935052.06
1.6504999999999386e-10	0.25689372	-0.034770433	0.96580094	346.69638	0	935135.56
1.6554999999999376e-10	0.25861144	-0.034217186	0.9653619	346.5821	0	935302.25
1.6604999999999365e-10	0.2602784	-0.033578377	0.964936	346.46808	0	935468.56
1.6654999999999355e-10	0.26189104	-0.03285768	0.96452415	346.4112	0	935551.5
1.6704999999999344e-10	0.26344573	-0.032057963	0.9641272	346.2976	0	935717.06
1.6754999999999334e-10	0.2649395	-0.031184064	0.9637462	346.1843	0	935882.25
1.6804999999999323e-10	0.26636925	-0.03024003	0.9633819	346.12775	0	935964.6
1.6854999999999313e-10	0.2677323	-0.029229019	0.96303487	346.01486	0	936129.1
1.6904999999999302e-10	0.2690262	-0.028156172	0.9627058	345.90222	0	936293.2
1.6954999999999292e-10	0.2702487	-0.027025754	0.96239555	345.84604	0	936375
1.700499999999928e-10	0.2713977	-0.02584114	0.9621044	345.73383	0	936538.4
1.705499999999927e-10	0.27247158	-0.024607627	0.9618328	345.6219	0	936701.4
1.710499999999926e-10	0.2734687	-0.023329617	0.9615814	345.56604	0	936782.7
1.715499999999925e-10	0.27438775	-0.022010569	0.96135044	345.4545	0	936944.94
1.720499999999924e-10	0.2752277	-0.02065585	0.96114	345.34326	0	937106.8
1.7254999999999229e-10	0.27598777	-0.019269872	0.9609505	345.28775	0	937187.56
1.7304999999999218e-10	0.27666715	-0.017856093	0.9607822	345.1769	0	937348.8
1.7354999999999207e-10	0.27726558	-0.016419834	0.96063507	345.06635	0	937509.56
1.7404999999999197e-10	0.27778295	-0.014965437	0.96050906	345.01114	0	937589.8
1.7454999999999186e-10	0.27821913	-0.01349625	0.96040446	344.901	0	937749.94
1.7504999999999176e-10	0.2785745	-0.012017457	0.9603208	344.7911	0	937909.7
1.7554999999999165e-10	0.27884954	-0.01053324	0.9602583	344.73627	0	937989.4
1.7604999999999155e-10	0.27904472	-0.0090467585	0.96021646	344.62677	0	938148.44
1.7654999999999144e-10	0.27916107	-0.0075629745	0.9601953	344.51755	0	938307.06
1.7704999999999134e-10	0.27919963	-0.0060858205	0.9601945	344.46304	0	938386.25
1.7754999999999123e-10	0.27916145	-0.0046182014	0.96021366	344.35422	0	938544.25
1.7804999999999113e-10	0.27904812	-0.0031647717	0.96025234	344.24567	0	938701.9
1.7854999999999102e-10	0.2788612	-0.0017291474	0.96031034	344.1915	0	938780.5
1.7904999999999092e-10	0.2786022	-0.0003139025	0.9603869	344.08334	0	938937.44
1.7954999999999081e-10	0.27827325	0.0010766747	0.96048164	343.97543	0	939094
1.800499999999907e-10	0.27787632	0.0024393445	0.96059406	343.9216	0	939172.1
1.805499999999906e-10	0.27741343	0.0037719165	0.9607235	343.8141	0	939328
1.810499999999905e-10	0.27688703	0.0050705275	0.96086943	343.70688	0	939483.5
1.815499999999904e-10	0.27629957	0.006332368	0.9610311	343.65335	0	939561.1
1.820499999999903e-10	0.27565336	0.0075556743	0.9612078	343.5465	0	939716
1.8254999999999018e-10	0.27495128	0.008737052	0.96139896	343.43994	0	939870.44
1.8304999999999008e-10	0.2741961	0.009874162	0.96160376	343.38675	0	939947.56
1.8354999999998997e-10	0.2733903	0.01096571	0.9618215	343.28055	0	940101.4
1.8404999999998987e-10	0.2725371	0.012008799	0.9620513	343.17462	0	940254.8
1.8454999999998976e-10	0.27163953	0.013001587	0.9622924	343.12177	0	940331.44
1.8504999999998966e-10	0.27070028	0.013943265	0.9625439	343.01624	0	940484.25
1.8554999999998955e-10	0.2697228	0.014831466	0.9628054	342.91095	0	940636.7
1.8604999999998945e-10	0.2687101	0.015664866	0.96307546	342.8584	0	940712.7
1.8654999999998934e-10	0.2676652	0.016443152	0.9633536	342.7535	0	940864.5
1.8704999999998924e-10	0.2665916	0.017164487	0.96363896	342.6489	0	941015.94
1.8754999999998913e-10	0.26549238	0.017828071	0.9639306	342.59665	0	941091.5
1.8804999999998903e-10	0.2643706	0.018434096	0.9642278	342.4924	0	941242.3
1.8854999999998892e-10	0.2632297	0.01898126	0.96452963	342.3884	0	941392.7
1.8904999999998882e-10	0.26207292	0.019469265	0.96483517	342.33652	0	941467.75
1.895499999999887e-10	0.2609032	0.019898795	0.9651437	342.23288	0	941617.56
1.900499999999886e-10	0.259724	0.02026907	0.9654544	342.12952	0	941767
1.905499999999885e-10	0.25853845	0.020580294	0.9657663	342.07794	0	941841.5
1.910499999999884e-10	0.25734937	0.020833615	0.9660787	341.97498	0	941990.3
1.915499999999883e-10	0.25616005	0.021028746	0.9663909	341.87222	0	942138.75
1.9204999999998819e-10	0.25497356	0.021166353	0.9667019	341.82095	0	942212.8
1.9254999999998808e-10	0.25379246	0.021248037	0.96701133	341.7186	0	942360.6
1.9304999999998798e-10	0.25261995	0.021273945	0.9673181	341.61652	0	942508.06
1.9354999999998787e-10	0.2514588	0.021245187	0.96762174	341.56555	0	942581.6
1.9404999999998776e-10	0.25031137	0.021163745	0.9679213	341.4638	0	942728.5
1.9454999999998766e-10	0.24918064	0.0210302	0.9682164	341.36234	0	942874.94
1.9504999999998755e-10	0.24806902	0.020846015	0.9685061	341.3117	0	942948
1.9554999999998745e-10	0.24697872	0.02061354	0.9687902	341.21057	0	943093.9
1.9604999999998734e-10	0.24591224	0.020333698	0.96906775	341.1097	0	943239.4
1.9654999999998724e-10	0.2448718	0.020008286	0.9693384	341.0594	0	943312
1.9704999999998713e-10	0.2438592	0.019639933	0.9696016	340.9589	0	943456.9
1.9754999999998703e-10	0.24287666	0.019229868	0.96985686	340.85864	0	943601.44
1.9804999999998692e-10	0.24192595	0.018780142	0.9701036	340.80862	0	943673.56
1.9854999999998682e-10	0.24100858	0.018293614	0.97034156	340.70874	0	943817.5
1.9904999999998671e-10	0.24012633	0.017771738	0.9705704	340.60913	0	943961.06
1.995499999999866e-10	0.23928067	0.017216768	0.97078955	340.5594	0	944032.7
2.000499999999865e-10	0.23847261	0.016631717	0.970999	340.4601	0	944175.7
2.005499999999864e-10	0.23770359	0.016018199	0.9711982	340.3611	0	944318.3
2.010499999999863e-10	0.23697461	0.0153785935	0.9713871	340.31168	0	944389.5
2.015499999999862e-10	0.23628634	0.014716012	0.97156525	340.213	0	944531.5
2.0204999999998608e-10	0.23563981	0.014032162	0.9717328	340.1146	0	944673.2
2.0254999999998598e-10	0.23503558	0.013329472	0.9718893	340.0655	0	944743.9
2.0304999999998587e-10	0.2344739	0.012611082	0.9720349	339.96744	0	944885
2.0354999999998577e-10	0.23395543	0.011878715	0.9721692	339.8696	0	945025.75
2.0404999999998566e-10	0.23348027	0.011134798	0.9722926	339.8208	0	945096
2.0454999999998556e-10	0.2330484	0.010382427	0.97240484	339.72333	0	945236.1
2.0504999999998545e-10	0.2326599	0.009623288	0.9725059	339.62613	0	945375.94
2.0554999999998535e-10	0.23231465	0.008859726	0.972596	339.5776	0	945445.75
2.0604999999998524e-10	0.23201217	0.008094743	0.97267514	339.48074	0	945585
2.0654999999998514e-10	0.23175219	0.0073299157	0.97274333	339.3841	0	945723.9
2.0704999999998503e-10	0.2315342	0.0065674614	0.9728009	339.33588	0	945793.2
2.0754999999998493e-10	0.2313574	0.0058102254	0.9728481	339.23962	0	945931.5
2.0804999999998482e-10	0.23122123	0.005059628	0.97288483	339.1436	0	946069.44
2.0854999999998472e-10	0.23112479	0.004317696	0.9729114	339.09564	0	946138.3
2.090499999999846e-10	0.23106697	0.0035870802	0.9729283	338.99997	0	946275.75
2.095499999999845e-10	0.23104693	0.0028689844	0.9729356	338.9045	0	946412.8
2.100499999999844e-10	0.23106353	0.00216522	0.9729336	338.85687	0	946481.2
2.105499999999843e-10	0.23111537	0.0014781933	0.97292274	338.76178	0	946617.7
2.110499999999842e-10	0.2312013	0.00080886553	0.9729032	338.6669	0	946753.9
2.1154999999998409e-10	0.23132005	0.00015878437	0.9728754	338.61957	0	946821.8
2.1204999999998398e-10	0.23146993	-0.0004699168	0.9728398	338.52505	0	946957.44
2.1254999999998388e-10	0.23164965	-0.0010765509	0.97279656	338.43076	0	947092.7
2.1304999999998377e-10	0.23185767	-0.0016598523	0.9727462	338.3837	0	947160.2
2.1354999999998367e-10	0.2320922	-0.002217975	0.9726892	338.28976	0	947294.9
2.1404999999998356e-10	0.2323518	-0.0027505322	0.97262585	338.19604	0	947429.25
2.1454999999998345e-10	0.23263475	-0.0032565575	0.9725567	338.1493	0	947496.3
2.1504999999998335e-10	0.23293926	-0.0037345123	0.9724821	338.0559	0	947630.1
2.1554999999998324e-10	0.23326367	-0.0041843127	0.9724025	337.96277	0	947763.6
2.1604999999998314e-10	0.2336063	-0.0046052956	0.97231835	337.9163	0	947830.2
2.1654999999998303e-10	0.23396519	-0.0049962336	0.97223014	337.8235	0	947963.2
2.1704999999998293e-10	0.23433873	-0.005357338	0.9721382	337.73093	0	948095.75
2.1754999999998282e-10	0.23472516	-0.005688257	0.972043	337.68472	0	948161.94
2.1804999999998272e-10	0.23512252	-0.0059880577	0.9719451	337.5925	0	948294
2.1854999999998261e-10	0.23552927	-0.0062572584	0.9718448	337.5005	0	948425.75
2.190499999999825e-10	0.2359436	-0.0064957975	0.97174275	337.45456	0	948491.5
2.195499999999824e-10	0.23636357	-0.00670303	0.9716392	337.3629	0	948622.7
2.200499999999823e-10	0.2367878	-0.006879748	0.97153455	337.27145	0	948753.56
2.205499999999822e-10	0.23721449	-0.007026169	0.9714293	337.22583	0	948818.8
2.210499999999821e-10	0.23764181	-0.007141916	0.9713239	337.1347	0	948949.2
2.2154999999998198e-10	0.23806833	-0.0072280453	0.9712188	337.04382	0	949079.2
2.2204999999998188e-10	0.2384925	-0.007285021	0.9711142	336.99847	0	949144.06
2.2254999999998177e-10	0.23891272	-0.0073127104	0.97101045	336.90793	0	949273.56
2.2304999999998167e-10	0.23932754	-0.007312396	0.9709082	336.8176	0	949402.7
2.2354999999998156e-10	0.23973548	-0.007284765	0.9708077	336.77252	0	949467.1
2.2404999999998146e-10	0.24013521	-0.0072299037	0.9707093	336.68253	0	949595.75
2.2454999999998135e-10	0.24052542	-0.007149291	0.9706131	336.59274	0	949724.06
2.2504999999998125e-10	0.24090484	-0.0070438045	0.9705196	336.54794	0	949788.06
2.2554999999998114e-10	0.24127227	-0.0069137034	0.97042924	336.45847	0	949915.9
2.2604999999998104e-10	0.24162658	-0.006760634	0.970342	336.36926	0	950043.3
2.2654999999998093e-10	0.24196681	-0.006585625	0.9702582	336.3247	0	950106.94
2.2704999999998083e-10	0.24229176	-0.006389081	0.9701784	336.2358	0	950233.9
2.2754999999998072e-10	0.24260066	-0.0061727767	0.97010255	336.14713	0	950360.5
2.2804999999998062e-10	0.24289265	-0.005937848	0.9700307	336.10287	0	950423.7
2.285499999999805e-10	0.24316683	-0.005684815	0.9699635	336.01453	0	950549.8
2.290499999999804e-10	0.2434226	-0.0054155323	0.9699007	335.92636	0	950675.56
2.295499999999803e-10	0.24365933	-0.005131225	0.9698427	335.8824	0	950738.4
2.300499999999802e-10	0.24387635	-0.0048324694	0.9697896	335.79456	0	950863.6
2.305499999999801e-10	0.24407326	-0.0045211785	0.9697414	335.70697	0	950988.6
2.3104999999997999e-10	0.24424964	-0.004198614	0.9696984	335.66324	0	951050.94
2.3154999999997988e-10	0.24440505	-0.0038653873	0.96966046	335.57596	0	951175.44
2.3204999999997978e-10	0.24453929	-0.0035234278	0.9696279	335.4889	0	951299.56
2.3254999999997967e-10	0.24465221	-0.0031739948	0.96960044	335.44543	0	951361.5
2.3304999999997967e-10	0.24474348	-0.0028177036	0.96957844	335.35867	0	951485.2
2.335499999999798e-10	0.24481316	-0.0024561905	0.9695617	335.28653	0	951588
2.3404999999998e-10	0.24486129	-0.0020907524	0.9695505	335.21454	0	951690.56
2.3454999999998013e-10	0.24488781	-0.0017226055	0.96954435	335.1427	0	951792.9
2.350499999999803e-10	0.24489301	-0.0013529632	0.9695436	335.071	0	951895.06
2.3554999999998044e-10	0.24487695	-0.0009830014	0.969548	334.99945	0	951996.94
2.360499999999806e-10	0.24483998	-0.00061387656	0.9695576	334.92807	0	952098.6
2.3654999999998074e-10	0.24478236	-0.0002467103	0.9695722	334.8568	0	952200.06
2.370499999999809e-10	0.24470451	0.0001173996	0.96959186	334.78568	0	952301.3
2.3754999999998105e-10	0.2446068	0.00047739255	0.9696164	334.71472	0	952402.4
2.380499999999812e-10	0.24448976	0.00083224906	0.9696456	334.6439	0	952503.1
2.3854999999998136e-10	0.24435386	0.0011809806	0.9696795	334.5732	0	952603.75
2.390499999999815e-10	0.24419977	0.001522645	0.9697178	334.5027	0	952704.06
2.3954999999998166e-10	0.24402799	0.0018563439	0.9697605	334.43228	0	952804.2
2.400499999999818e-10	0.24383923	0.0021812222	0.9698072	334.36206	0	952904.1
2.4054999999998197e-10	0.2436342	0.0024964705	0.96985805	334.29193	0	953003.8
2.410499999999821e-10	0.2434136	0.0028013242	0.9699124	334.222	0	953103.3
2.415499999999823e-10	0.24317822	0.0030950755	0.9699707	334.15216	0	953202.56
2.4204999999998243e-10	0.2429288	0.0033770609	0.9700323	334.0825	0	953301.6
2.425499999999826e-10	0.24266621	0.003646672	0.970097	334.01297	0	953400.44
2.4304999999998274e-10	0.24239129	0.0039033475	0.97016484	333.94357	0	953499.06
2.435499999999829e-10	0.24210484	0.0041465843	0.9702353	333.87433	0	953597.44
2.4404999999998304e-10	0.24180782	0.0043759276	0.9703084	333.8052	0	953695.6
2.445499999999832e-10	0.24150102	0.0045909737	0.9703839	333.73624	0	953793.6
2.4504999999998335e-10	0.24118543	0.004791383	0.9704614	333.66742	0	953891.4
2.455499999999835e-10	0.24086194	0.004976855	0.97054094	333.59872	0	953988.94
2.4604999999998366e-10	0.24053138	0.0051471554	0.970622	333.53018	0	954086.25
2.465499999999838e-10	0.24019483	0.005302092	0.9707046	333.46176	0	954183.4
2.4704999999998396e-10	0.23985302	0.0054415315	0.9707884	333.3935	0	954280.25
2.475499999999841e-10	0.23950693	0.005565388	0.9708733	333.32538	0	954376.94
2.4804999999998427e-10	0.23915757	0.005673626	0.97095877	333.2574	0	954473.44
2.485499999999844e-10	0.2388057	0.005766265	0.9710449	333.18954	0	954569.7
2.490499999999846e-10	0.23845227	0.0058433656	0.9711314	333.12183	0	954665.75
2.4954999999998473e-10	0.23809801	0.005905033	0.971218	333.05426	0	954761.6
2.500499999999849e-10	0.2377439	0.0059514265	0.97130454	332.98682	0	954857.25
2.5054999999998504e-10	0.23739074	0.005982746	0.9713908	332.91953	0	954952.7
2.510499999999852e-10	0.23703948	0.005999238	0.97147655	332.85236	0	955047.94
2.5154999999998534e-10	0.23669074	0.0060011903	0.9715617	332.78534	0	955142.94
2.520499999999855e-10	0.23634541	0.005988931	0.97164595	332.71844	0	955237.75
2.5254999999998565e-10	0.23600398	0.005962807	0.97172904	332.6517	0	955332.4
2.530499999999858e-10	0.23566742	0.005923222	0.9718111	332.58508	0	955426.75
2.5354999999998596e-10	0.23533633	0.005870609	0.9718918	332.51862	0	955520.94
2.540499999999861e-10	0.2350112	0.005805423	0.97197086	332.45227	0	955614.94
2.5454999999998626e-10	0.23469292	0.005728159	0.97204834	332.38605	0	955708.75
2.550499999999864e-10	0.23438181	0.0056393333	0.972124	332.31998	0	955802.3
2.5554999999998657e-10	0.2340786	0.0055394904	0.97219783	332.25406	0	955895.7
2.560499999999867e-10	0.23378363	0.005429193	0.97226936	332.18826	0	955988.8
2.565499999999869e-10	0.23349756	0.005309031	0.972339	332.1226	0	956081.8
2.5704999999998703e-10	0.23322062	0.005179602	0.9724061	332.05704	0	956174.56
2.575499999999872e-10	0.23295332	0.005041526	0.972471	331.99164	0	956267.1
2.5804999999998734e-10	0.23269604	0.0048954347	0.97253346	331.92636	0	956359.5
2.585499999999875e-10	0.23244897	0.004741973	0.97259337	331.86124	0	956451.7
2.5904999999998764e-10	0.23221245	0.004581792	0.9726507	331.79623	0	956543.6
2.595499999999878e-10	0.23198676	0.0044155526	0.9727055	331.73138	0	956635.4
2.6004999999998795e-10	0.23177204	0.004243915	0.9727574	331.66663	0	956726.94
2.605499999999881e-10	0.2315684	0.004067542	0.9728067	331.60202	0	956818.3
2.6104999999998826e-10	0.2313761	0.003887101	0.9728533	331.53757	0	956909.44
2.615499999999884e-10	0.23119509	0.0037032538	0.9728972	331.4732	0	957000.44
2.6204999999998856e-10	0.2310255	0.0035166547	0.9729382	331.409	0	957091.2
2.625499999999887e-10	0.23086728	0.0033279553	0.9729765	331.34494	0	957181.75
2.6304999999998887e-10	0.23072037	0.0031378	0.97301203	331.28098	0	957272.1
2.63549999999989e-10	0.23058479	0.0029468166	0.97304475	331.21716	0	957362.3
2.640499999999892e-10	0.23046039	0.0027556296	0.97307485	331.15347	0	957452.25
2.6454999999998933e-10	0.23034707	0.0025648465	0.9731022	331.0899	0	957542.06
2.650499999999895e-10	0.23024459	0.0023750563	0.97312695	331.0265	0	957631.6
2.6554999999998964e-10	0.23015283	0.0021868318	0.97314924	330.9632	0	957721.06
2.660499999999898e-10	0.23007154	0.002000729	0.9731689	330.90002	0	957810.25
2.6654999999998994e-10	0.23000053	0.0018172838	0.9731861	330.83698	0	957899.25
2.670499999999901e-10	0.22993937	0.001637008	0.9732009	330.77408	0	957988.06
2.6754999999999025e-10	0.22988786	0.0014603978	0.97321343	330.71127	0	958076.7
2.680499999999904e-10	0.2298457	0.0012879184	0.97322357	330.64862	0	958165.1
2.6854999999999056e-10	0.22981246	0.001120015	0.97323173	330.5861	0	958253.3
2.690499999999907e-10	0.22978787	0.0009571091	0.9732375	330.5237	0	958341.4
2.6954999999999086e-10	0.22977145	0.0007995878	0.9732416	330.46143	0	958429.25
2.70049999999991e-10	0.22976285	0.00064782257	0.97324365	330.3993	0	958516.9
2.7054999999999117e-10	0.2297616	0.0005021468	0.97324413	330.33728	0	958604.4
2.710499999999913e-10	0.22976731	0.0003628769	0.973243	330.27536	0	958691.6
2.715499999999915e-10	0.22977957	0.00023028816	0.97324014	330.2136	0	958778.75
2.7204999999999163e-10	0.22979788	0.0001046418	0.9732358	330.15198	0	958865.6
2.725499999999918e-10	0.22982176	-1.3843078e-05	0.9732302	330.09045	0	958952.3
2.7304999999999194e-10	0.2298508	-0.00012496668	0.97322327	330.02905	0	959038.9
2.735499999999921e-10	0.22988442	-0.0002285574	0.97321534	329.9678	0	959125.2
2.7404999999999224e-10	0.22992225	-0.00032448067	0.9732062	329.90668	0	959211.4
2.745499999999924e-10	0.22996385	-0.00041262285	0.97319657	329.84564	0	959297.3
2.7504999999999255e-10	0.23000862	-0.0004928966	0.97318596	329.78476	0	959383.06
2.755499999999927e-10	0.23005603	-0.0005652511	0.9731745	329.724	0	959468.7
2.7604999999999286e-10	0.23010576	-0.0006296612	0.97316283	329.66336	0	959554.06
2.76549999999993e-10	0.23015735	-0.000686123	0.9731505	329.60284	0	959639.3
2.7704999999999317e-10	0.23021032	-0.00073465775	0.9731379	329.54245	0	959724.3
2.775499999999933e-10	0.23026408	-0.00077531586	0.973125	329.48218	0	959809.2
2.7804999999999347e-10	0.23031838	-0.0008081749	0.97311217	329.42203	0	959893.9
2.785499999999936e-10	0.23037276	-0.0008333193	0.9730993	329.362	0	959978.3
2.790499999999938e-10	0.23042671	-0.00085087295	0.9730864	329.3021	0	960062.6
2.7954999999999393e-10	0.23047973	-0.0008609794	0.9730739	329.2423	0	960146.75
2.800499999999941e-10	0.23053144	-0.00086380483	0.97306156	329.18265	0	960230.7
2.8054999999999424e-10	0.23058164	-0.0008595334	0.9730496	329.1231	0	960314.44
2.810499999999944e-10	0.23062973	-0.00084837043	0.9730382	329.0637	0	960398
2.8154999999999455e-10	0.2306755	-0.0008305351	0.97302735	329.0044	0	960481.4
2.820499999999947e-10	0.23071854	-0.0008062664	0.9730171	328.94525	0	960564.6
2.8254999999999485e-10	0.23075864	-0.0007758183	0.9730077	328.88617	0	960647.6
2.83049999999995e-10	0.2307955	-0.0007394493	0.9729989	328.82724	0	960730.5
2.8354999999999516e-10	0.23082873	-0.00069743744	0.97299093	328.76843	0	960813.1
2.840499999999953e-10	0.23085809	-0.0006500778	0.9729841	328.70975	0	960895.6
2.8454999999999547e-10	0.23088335	-0.0005976732	0.97297806	328.65118	0	960977.94
2.850499999999956e-10	0.23090437	-0.0005405335	0.97297305	328.5927	0	961060.06
2.8554999999999577e-10	0.23092087	-0.00047897286	0.97296923	328.5344	0	961142.06
2.860499999999959e-10	0.23093256	-0.00041332378	0.9729663	328.47617	0	961223.8
2.865499999999961e-10	0.23093954	-0.0003439125	0.9729647	328.4181	0	961305.44
2.8704999999999623e-10	0.23094144	-0.00027107762	0.9729642	328.3601	0	961386.9
2.875499999999964e-10	0.23093817	-0.00019515569	0.972965	328.30225	0	961468.1
2.8804999999999654e-10	0.2309298	-0.00011648886	0.972967	328.2445	0	961549.2
2.885499999999967e-10	0.23091605	-3.541403e-05	0.9729703	328.1869	0	961630.06
2.8904999999999685e-10	0.23089689	4.7719324e-05	0.97297484	328.12936	0	961710.8
2.89549999999997e-10	0.23087244	0.00013257859	0.97298044	328.072	0	961791.3
2.9004999999999715e-10	0.23084255	0.00021882332	0.9729876	328.0147	0	961871.7
2.905499999999973e-10	0.23080719	0.00030611863	0.972996	327.95755	0	961951.94
2.9104999999999746e-10	0.23076646	0.00039413825	0.9730055	327.9005	0	962031.94
2.915499999999976e-10	0.23072033	0.00048256002	0.9730165	327.8436	0	962111.8
2.9204999999999777e-10	0.23066893	0.0005710613	0.97302854	327.7868	0	962191.5
2.925499999999979e-10	0.23061228	0.00065934187	0.9730419	327.7301	0	962271
2.9304999999999807e-10	0.2305504	0.00074709574	0.97305655	327.67355	0	962350.3
2.9354999999999823e-10	0.23048356	0.00083402876	0.9730722	327.6171	0	962429.5
2.940499999999984e-10	0.23041178	0.0009198653	0.9730892	327.56073	0	962508.5
2.9454999999999853e-10	0.2303351	0.0010043305	0.97310716	327.50452	0	962587.3
2.950499999999987e-10	0.23025386	0.0010871609	0.97312635	327.4484	0	962666
2.9554999999999884e-10	0.23016809	0.0011681194	0.97314656	327.3924	0	962744.44
2.96049999999999e-10	0.23007792	0.0012469593	0.97316784	327.33652	0	962822.75
2.9654999999999915e-10	0.22998366	0.0013234552	0.97319	327.28073	0	962900.94
2.970499999999993e-10	0.22988547	0.0013974075	0.97321296	327.2251	0	962978.9
2.9754999999999945e-10	0.22978348	0.0014686167	0.9732371	327.16956	0	963056.7
2.980499999999996e-10	0.22967787	0.0015368977	0.9732617	327.1141	0	963134.3
2.9854999999999976e-10	0.229569	0.0016020782	0.9732874	327.0588	0	963211.8
2.990499999999999e-10	0.22945704	0.0016640155	0.97331375	327.0036	0	963289.1
2.9950000000000005e-10	0.22935377	0.0017169078	0.97333795	326.94852	0	963366.25
3.000000000000002e-10	0.22923644	0.001772305	0.9733655	326.89352	0	963443.25
3.0050000000000036e-10	0.22911662	0.0018240871	0.9733937	326.83865	0	963520.06
3.010000000000005e-10	0.22899465	0.0018721628	0.97342235	326.7839	0	963596.7
3.0150000000000066e-10	0.22887082	0.0019164534	0.97345126	326.72925	0	963673.2
3.020000000000008e-10	0.22874524	0.0019568976	0.97348076	326.6747	0	963749.5
3.0250000000000097e-10	0.22861816	0.0019934396	0.9735106	326.6203	0	963825.6
3.030000000000011e-10	0.22848988	0.002026045	0.9735406	326.566	0	963901.6
3.035000000000013e-10	0.22836049	0.0020546857	0.973571	326.5118	0	963977.44
3.0400000000000143e-10	0.22823036	0.002079351	0.97360146	326.4577	0	964053.06
3.045000000000016e-10	0.22809976	0.0021000502	0.97363204	326.40375	0	964128.56
3.0500000000000174e-10	0.22796889	0.0021167984	0.9736627	326.34985	0	964203.9
3.055000000000019e-10	0.22783796	0.0021296316	0.97369325	326.2961	0	964279.06
3.0600000000000205e-10	0.22770728	0.0021385944	0.9737238	326.24246	0	964354.06
3.065000000000022e-10	0.2275769	0.0021437432	0.97375435	326.18893	0	964428.94
3.0700000000000235e-10	0.2274471	0.0021451425	0.9737847	326.1355	0	964503.56
3.075000000000025e-10	0.22731806	0.0021428668	0.97381485	326.08218	0	964578.1
3.0800000000000266e-10	0.22719009	0.002137006	0.9738448	326.02896	0	964652.5
3.085000000000028e-10	0.22706342	0.0021276663	0.9738744	325.97586	0	964726.7
3.0900000000000297e-10	0.22693808	0.002114957	0.9739036	325.92285	0	964800.7
3.095000000000031e-10	0.22681427	0.0020989922	0.9739325	325.86996	0	964874.56
3.1000000000000327e-10	0.22669235	0.0020798994	0.97396094	325.8172	0	964948.3
3.105000000000034e-10	0.22657217	0.0020578164	0.973989	325.76453	0	965021.9
3.110000000000036e-10	0.22645396	0.0020328779	0.97401655	325.71198	0	965095.3
3.1150000000000373e-10	0.22633786	0.0020052248	0.97404367	325.65952	0	965168.5
3.120000000000039e-10	0.22622414	0.0019750153	0.97407013	325.60715	0	965241.6
3.1250000000000404e-10	0.2261128	0.0019424048	0.9740961	325.55493	0	965314.56
3.130000000000042e-10	0.226004	0.0019075602	0.9741214	325.50278	0	965387.3
3.1350000000000435e-10	0.22589791	0.0018706489	0.97414607	325.45074	0	965459.94
3.140000000000045e-10	0.22579437	0.0018318356	0.97417015	325.39883	0	965532.4
3.1450000000000465e-10	0.22569355	0.0017912878	0.9741936	325.34702	0	965604.7
3.150000000000048e-10	0.22559558	0.0017491766	0.97421646	325.2953	0	965676.9
3.1550000000000496e-10	0.22550057	0.0017056818	0.97423846	325.24368	0	965748.9
3.160000000000051e-10	0.22540848	0.0016609784	0.97426	325.1922	0	965820.7
3.1650000000000527e-10	0.22531934	0.0016152438	0.9742806	325.1408	0	965892.4
3.170000000000054e-10	0.22523303	0.0015686426	0.9743007	325.0895	0	965963.94
3.1750000000000557e-10	0.22514975	0.0015213507	0.97432005	325.03833	0	966035.3
3.1800000000000573e-10	0.2250695	0.0014735385	0.97433877	324.98724	0	966106.5
3.185000000000059e-10	0.22499226	0.0014253779	0.9743566	324.93628	0	966177.56
3.1900000000000603e-10	0.22491793	0.001377033	0.9743738	324.88538	0	966248.5
3.195000000000062e-10	0.22484642	0.0013286622	0.97439045	324.83463	0	966319.25
3.2000000000000634e-10	0.22477789	0.0012804214	0.97440624	324.78397	0	966389.9
3.205000000000065e-10	0.22471221	0.0012324676	0.97442156	324.7334	0	966460.4
3.2100000000000665e-10	0.22464931	0.0011849502	0.9744361	324.68292	0	966530.7
3.215000000000068e-10	0.22458915	0.0011380153	0.97445005	324.63257	0	966600.8
3.2200000000000695e-10	0.22453156	0.0010917953	0.97446346	324.58234	0	966670.8
3.225000000000071e-10	0.22447656	0.0010464208	0.9744761	324.53217	0	966740.7
3.2300000000000726e-10	0.22442406	0.0010020189	0.97448826	324.48212	0	966810.4
3.235000000000074e-10	0.22437404	0.0009587108	0.9744998	324.43216	0	966879.94
3.2400000000000757e-10	0.2243264	0.0009166109	0.97451085	324.38232	0	966949.4
3.245000000000077e-10	0.22428094	0.0008758291	0.97452134	324.33258	0	967018.6
3.2500000000000787e-10	0.22423746	0.00083646044	0.9745314	324.28293	0	967087.75
3.2550000000000803e-10	0.224196	0.000798588	0.97454095	324.2334	0	967156.7
3.260000000000082e-10	0.22415647	0.0007622971	0.97455007	324.18396	0	967225.5
3.2650000000000833e-10	0.2241187	0.0007276664	0.9745589	324.1346	0	967294.2
3.270000000000085e-10	0.22408268	0.0006947665	0.9745671	324.0854	0	967362.7
3.2750000000000864e-10	0.22404814	0.0006636599	0.974575	324.03625	0	967431.06
3.280000000000088e-10	0.22401516	0.0006343991	0.97458255	323.9872	0	967499.3
3.2850000000000895e-10	0.22398342	0.0006070339	0.97459	323.93826	0	967567.4
3.290000000000091e-10	0.22395276	0.00058159995	0.97459704	323.88943	0	967635.3
3.2950000000000925e-10	0.2239231	0.0005581223	0.9746038	323.8407	0	967703.1
3.300000000000094e-10	0.22389434	0.00053661835	0.97461057	323.79205	0	967770.75
3.3050000000000956e-10	0.22386633	0.0005171048	0.9746169	323.74353	0	967838.25
3.310000000000097e-10	0.22383906	0.0004995843	0.97462314	323.69507	0	967905.6
3.3150000000000987e-10	0.22381242	0.00048406547	0.9746292	323.64673	0	967972.8
3.3200000000001e-10	0.2237862	0.00047054558	0.9746352	323.5985	0	968039.9
3.3250000000001017e-10	0.22376025	0.00045900658	0.97464126	323.55035	0	968106.8
3.3300000000001033e-10	0.22373459	0.00044943212	0.9746471	323.50232	0	968173.56
3.335000000000105e-10	0.22370888	0.0004417952	0.97465295	323.45435	0	968240.2
3.3400000000001063e-10	0.22368312	0.00043605693	0.9746589	323.4065	0	968306.7
3.345000000000108e-10	0.22365728	0.00043218388	0.9746649	323.35876	0	968373.06
3.3500000000001094e-10	0.22363125	0.00043012944	0.97467077	323.3111	0	968439.25
3.355000000000111e-10	0.2236049	0.00042985057	0.97467685	323.26355	0	968505.3
3.3600000000001125e-10	0.22357808	0.00043129345	0.97468305	323.2161	0	968571.25
3.365000000000114e-10	0.2235508	0.00043439865	0.9746893	323.16873	0	968637
3.3700000000001155e-10	0.22352289	0.0004391028	0.9746957	323.12146	0	968702.7
3.375000000000117e-10	0.22349422	0.00044533808	0.9747022	323.07428	0	968768.2
3.3800000000001186e-10	0.22346474	0.00045303043	0.974709	323.0272	0	968833.5
3.38500000000012e-10	0.22343445	0.00046210922	0.9747159	322.98022	0	968898.75
3.3900000000001217e-10	0.22340328	0.00047249385	0.974723	322.93335	0	968963.8
3.395000000000123e-10	0.22337118	0.00048411	0.9747304	322.88657	0	969028.75
3.400000000000125e-10	0.22333813	0.0004968753	0.9747379	322.83987	0	969093.56
3.4050000000001263e-10	0.22330406	0.00051071105	0.9747458	322.79327	0	969158.25
3.410000000000128e-10	0.22326894	0.00052553514	0.97475386	322.74677	0	969222.75
3.4150000000001293e-10	0.22323266	0.00054126146	0.974762	322.70035	0	969287.1
3.420000000000131e-10	0.22319505	0.0005577995	0.9747707	322.65405	0	969351.4
3.4250000000001324e-10	0.2231563	0.0005750589	0.9747794	322.60782	0	969415.5
3.430000000000134e-10	0.22311632	0.00059295085	0.9747887	322.5617	0	969479.5
3.4350000000001355e-10	0.22307499	0.0006113862	0.97479814	322.5157	0	969543.3
3.440000000000137e-10	0.22303241	0.0006302723	0.9748078	322.46976	0	969607
3.4450000000001385e-10	0.22298864	0.0006495273	0.9748178	322.4239	0	969670.56
3.45000000000014e-10	0.22294344	0.0006690585	0.9748281	322.37814	0	969734
3.4550000000001416e-10	0.22289704	0.00068877806	0.97483873	322.3325	0	969797.3
3.460000000000143e-10	0.2228494	0.00070860825	0.9748497	322.28693	0	969860.44
3.4650000000001447e-10	0.22280061	0.00072846847	0.97486097	322.24146	0	969923.5
3.470000000000146e-10	0.22275065	0.0007482822	0.9748723	322.1961	0	969986.4
3.475000000000148e-10	0.2226995	0.00076797593	0.97488385	322.15082	0	970049.1
3.4800000000001493e-10	0.22264706	0.00078747014	0.97489583	322.10562	0	970111.75
3.485000000000151e-10	0.2225935	0.00080668763	0.9749081	322.06052	0	970174.2
3.4900000000001524e-10	0.22253887	0.00082556333	0.97492045	322.0155	0	970236.56
3.495000000000154e-10	0.22248308	0.0008440307	0.9749332	321.9706	0	970298.8
3.5000000000001554e-10	0.22242625	0.00086201803	0.9749461	321.92578	0	970360.9
3.505000000000157e-10	0.22236842	0.0008794658	0.9749593	321.88104	0	970422.8
3.5100000000001585e-10	0.22230972	0.0008963234	0.97497267	321.8364	0	970484.6
3.51500000000016e-10	0.22225004	0.0009125357	0.97498626	321.79184	0	970546.3
3.5200000000001616e-10	0.22218947	0.0009280476	0.9750001	321.7474	0	970607.9
3.525000000000163e-10	0.2221282	0.00094281265	0.9750139	321.70303	0	970669.3
3.5300000000001646e-10	0.22206621	0.00095679215	0.9750281	321.65875	0	970730.6
3.535000000000166e-10	0.22200353	0.0009699523	0.9750424	321.61456	0	970791.75
3.5400000000001677e-10	0.22194034	0.0009822577	0.9750567	321.57047	0	970852.8
3.545000000000169e-10	0.22187658	0.0009936843	0.97507125	321.52646	0	970913.7
3.550000000000171e-10	0.22181234	0.001004201	0.97508585	321.48254	0	970974.5
3.5550000000001723e-10	0.22174777	0.0010137901	0.97510064	321.43872	0	971035.1
3.560000000000174e-10	0.22168277	0.0010224367	0.97511524	321.395	0	971095.6
3.5650000000001754e-10	0.22161758	0.001030127	0.97513014	321.35132	0	971156
3.570000000000177e-10	0.22155203	0.0010368491	0.975145	321.30777	0	971216.25
3.5750000000001784e-10	0.22148634	0.0010425957	0.97516	321.2643	0	971276.4
3.58000000000018e-10	0.22142059	0.0010473654	0.9751749	321.22092	0	971336.4
3.5850000000001815e-10	0.2213548	0.0010511588	0.9751899	321.1776	0	971396.25
3.590000000000183e-10	0.22128901	0.0010539802	0.9752048	321.13443	0	971456
3.5950000000001846e-10	0.22122324	0.0010558377	0.9752198	321.0913	0	971515.6
3.600000000000186e-10	0.2211576	0.0010567419	0.9752345	321.04828	0	971575.06
3.6050000000001876e-10	0.22109215	0.0010567066	0.9752495	321.00534	0	971634.44
3.610000000000189e-10	0.22102684	0.0010557503	0.9752642	320.96246	0	971693.7
3.6150000000001907e-10	0.2209618	0.0010538864	0.97527903	320.9197	0	971752.8
3.620000000000192e-10	0.22089706	0.0010511373	0.9752937	320.877	0	971811.75
3.625000000000194e-10	0.22083275	0.0010475314	0.9753083	320.83444	0	971870.6
3.6300000000001953e-10	0.22076876	0.0010430933	0.9753228	320.79193	0	971929.4
3.635000000000197e-10	0.22070532	0.0010378514	0.975337	320.7495	0	971987.94
3.6400000000001984e-10	0.22064227	0.001031837	0.9753514	320.70718	0	972046.44
3.6450000000002e-10	0.22057979	0.0010250815	0.9753655	320.66495	0	972104.8
3.6500000000002014e-10	0.22051786	0.0010176209	0.9753795	320.62277	0	972163
3.655000000000203e-10	0.22045651	0.0010094933	0.9753934	320.5807	0	972221.1
3.6600000000002045e-10	0.22039582	0.0010007304	0.9754071	320.53873	0	972279.1
3.665000000000206e-10	0.22033577	0.0009913754	0.9754207	320.49683	0	972336.94
3.6700000000002076e-10	0.22027634	0.0009814689	0.97543424	320.455	0	972394.7
3.675000000000209e-10	0.22021772	0.0009710516	0.9754474	320.41327	0	972452.3
3.6800000000002106e-10	0.22015995	0.00096016936	0.9754605	320.3716	0	972509.8
3.685000000000212e-10	0.22010295	0.000948875	0.97547334	320.33005	0	972567.2
3.6900000000002137e-10	0.22004671	0.00093721	0.9754861	320.28857	0	972624.44
3.695000000000215e-10	0.21999125	0.00092521467	0.9754986	320.2472	0	972681.56
3.700000000000217e-10	0.2199366	0.00091293134	0.97551095	320.20587	0	972738.56
3.7050000000002183e-10	0.21988289	0.0009004122	0.9755231	320.16467	0	972795.44
3.71000000000022e-10	0.21982996	0.0008877051	0.975535	320.12354	0	972852.2
3.7150000000002214e-10	0.21977781	0.0008748509	0.9755469	320.08246	0	972908.8
3.720000000000223e-10	0.21972646	0.00086189527	0.97555846	320.0415	0	972965.3
3.7250000000002244e-10	0.21967596	0.0008488739	0.9755698	320.0006	0	973021.75
3.730000000000226e-10	0.21962638	0.0008358356	0.97558093	319.9598	0	973078
3.7350000000002275e-10	0.21957757	0.0008228276	0.975592	319.9191	0	973134.1
3.740000000000229e-10	0.2195295	0.00080987945	0.97560275	319.87845	0	973190.2
3.7450000000002306e-10	0.21948212	0.00079703104	0.9756134	319.8379	0	973246.1
3.750000000000232e-10	0.21943553	0.000784319	0.9756239	319.79742	0	973301.9
3.7550000000002336e-10	0.2193896	0.000771775	0.9756343	319.75702	0	973357.56
3.760000000000235e-10	0.21934439	0.0007594316	0.97564447	319.71674	0	973413.1
3.7650000000002367e-10	0.21929982	0.000747315	0.9756545	319.67648	0	973468.56
3.770000000000238e-10	0.21925592	0.0007354594	0.9756644	319.63635	0	973523.94
3.77500000000024e-10	0.21921271	0.00072389067	0.97567403	319.59628	0	973579.1
3.7800000000002413e-10	0.21917032	0.0007126489	0.9756837	319.5563	0	973634.2
3.785000000000243e-10	0.21912844	0.00070175703	0.975693	319.51642	0	973689.2
3.7900000000002444e-10	0.21908715	0.0006912393	0.97570235	319.4766	0	973744.06
3.795000000000246e-10	0.21904637	0.00068111497	0.97571146	319.43686	0	973798.75
3.8000000000002474e-10	0.21900608	0.0006714025	0.97572064	319.39722	0	973853.4
3.805000000000249e-10	0.21896625	0.0006621184	0.9757295	319.35764	0	973907.9
3.8100000000002505e-10	0.21892706	0.0006532802	0.9757383	319.31815	0	973962.3
3.815000000000252e-10	0.21888828	0.0006449086	0.97574705	319.27875	0	974016.56
3.8200000000002536e-10	0.21884994	0.000637012	0.97575563	319.2394	0	974070.75
3.825000000000255e-10	0.21881187	0.00062960497	0.97576404	319.20016	0	974124.75
3.8300000000002566e-10	0.21877414	0.0006226916	0.97577256	319.16098	0	974178.7
3.835000000000258e-10	0.21873675	0.00061627425	0.97578096	319.1219	0	974232.5
3.8400000000002597e-10	0.21869953	0.00061035797	0.97578937	319.0829	0	974286.2
3.845000000000261e-10	0.2186626	0.0006049419	0.9757976	319.04395	0	974339.8
3.850000000000263e-10	0.2186259	0.0006000277	0.97580576	319.0051	0	974393.25
3.8550000000002643e-10	0.21858926	0.00059561105	0.97581416	318.9663	0	974446.6
3.860000000000266e-10	0.21855275	0.0005916855	0.9758223	318.9276	0	974499.9
3.8650000000002674e-10	0.21851642	0.00058824674	0.9758304	318.889	0	974553
3.870000000000269e-10	0.2184802	0.00058528845	0.9758384	318.85046	0	974606
3.8750000000002704e-10	0.21844399	0.00058280467	0.97584665	318.812	0	974658.94
3.880000000000272e-10	0.21840788	0.00058078446	0.9758547	318.77365	0	974711.75
3.8850000000002735e-10	0.2183718	0.00057921774	0.9758628	318.73535	0	974764.44
3.890000000000275e-10	0.21833569	0.0005780947	0.9758708	318.6971	0	974817
3.8950000000002766e-10	0.21829954	0.00057740125	0.975879	318.65897	0	974869.44
3.900000000000278e-10	0.21826328	0.0005771164	0.9758872	318.6209	0	974921.8
3.9050000000002796e-10	0.2182269	0.0005772248	0.97589517	318.58292	0	974974
3.910000000000281e-10	0.21819037	0.00057770795	0.9759033	318.545	0	975026.1
3.9150000000002827e-10	0.21815372	0.0005785442	0.97591156	318.50717	0	975078.2
3.920000000000284e-10	0.21811688	0.0005797163	0.97591984	318.46942	0	975130.06
3.925000000000286e-10	0.21807988	0.00058119954	0.97592807	318.43173	0	975181.9
3.9300000000002873e-10	0.21804279	0.00058297755	0.97593635	318.39413	0	975233.56
3.935000000000289e-10	0.21800552	0.00058503216	0.97594464	318.3566	0	975285.1
3.9400000000002904e-10	0.217968	0.000587341	0.975953	318.31915	0	975336.56
3.945000000000292e-10	0.21793026	0.00058988336	0.9759615	318.28177	0	975387.94
3.9500000000002935e-10	0.21789235	0.0005926349	0.9759699	318.24448	0	975439.2
3.955000000000295e-10	0.21785423	0.0005955762	0.9759784	318.20724	0	975490.3
3.9600000000002965e-10	0.21781586	0.00059868186	0.975987	318.1701	0	975541.4
3.965000000000298e-10	0.21777722	0.00060193165	0.9759956	318.13306	0	975592.25
3.9700000000002996e-10	0.21773842	0.0006053058	0.97600424	318.09604	0	975643.06
3.975000000000301e-10	0.21769938	0.00060878217	0.97601295	318.05914	0	975693.8
3.9800000000003027e-10	0.21766004	0.00061233726	0.9760218	318.02228	0	975744.4
3.985000000000304e-10	0.21762049	0.00061595044	0.9760305	317.9855	0	975794.9
3.9900000000003057e-10	0.21758077	0.00061960344	0.97603935	317.94882	0	975845.25
3.995000000000307e-10	0.2175407	0.00062327395	0.9760483	317.9122	0	975895.56
4.000000000000309e-10	0.21750027	0.0006269344	0.9760574	317.87567	0	975945.7
4.0050000000003103e-10	0.21745963	0.00063056085	0.9760664	317.8392	0	975995.75
4.010000000000312e-10	0.21741875	0.000634136	0.9760755	317.8028	0	976045.75
4.0150000000003134e-10	0.21737762	0.0006376406	0.9760846	317.76648	0	976095.56
4.020000000000315e-10	0.21733628	0.0006410559	0.9760938	317.73022	0	976145.3
4.0250000000003165e-10	0.21729484	0.0006443676	0.9761031	317.69406	0	976194.94
4.030000000000318e-10	0.21725321	0.00064756273	0.97611237	317.65796	0	976244.5
4.0350000000003195e-10	0.21721137	0.00065062364	0.97612166	317.62195	0	976293.94
4.040000000000321e-10	0.21716931	0.00065353484	0.976131	317.586	0	976343.25
4.0450000000003226e-10	0.21712719	0.000656286	0.9761403	317.5501	0	976392.5
4.050000000000324e-10	0.21708497	0.0006588656	0.97614986	317.5143	0	976441.56
4.0550000000003257e-10	0.21704264	0.0006612653	0.97615916	317.47858	0	976490.6
4.060000000000327e-10	0.21700014	0.0006634749	0.9761687	317.4429	0	976539.5
4.0650000000003287e-10	0.21695758	0.0006654817	0.97617805	317.40732	0	976588.3
4.0700000000003303e-10	0.21691485	0.0006672764	0.9761875	317.37183	0	976637
4.075000000000332e-10	0.2168721	0.0006688537	0.9761971	317.33636	0	976685.6
4.0800000000003333e-10	0.21682927	0.0006702057	0.97620654	317.301	0	976734.1
4.085000000000335e-10	0.21678649	0.0006713308	0.9762161	317.26572	0	976782.5
4.0900000000003364e-10	0.2167437	0.00067222276	0.9762257	317.2305	0	976830.8
4.095000000000338e-10	0.2167009	0.0006728804	0.97623515	317.19534	0	976879
4.1000000000003395e-10	0.2166581	0.00067330396	0.9762447	317.16025	0	976927.06
4.105000000000341e-10	0.21661536	0.0006734929	0.97625405	317.12524	0	976975.06
4.1100000000003425e-10	0.21657266	0.0006734442	0.9762635	317.0903	0	977022.94
4.115000000000344e-10	0.21652997	0.0006731583	0.97627294	317.05545	0	977070.7
4.1200000000003456e-10	0.2164873	0.0006726356	0.9762825	317.02063	0	977118.4
4.125000000000347e-10	0.21644469	0.0006718732	0.97629195	316.98593	0	977166
4.1300000000003487e-10	0.2164022	0.00067087647	0.97630143	316.95126	0	977213.44
4.13500000000035e-10	0.21635984	0.0006696527	0.9763108	316.9167	0	977260.8
4.1400000000003517e-10	0.21631762	0.00066820206	0.97632015	316.88217	0	977308.1
4.1450000000003533e-10	0.21627554	0.0006665343	0.97632945	316.84772	0	977355.3
4.150000000000355e-10	0.21623367	0.0006646563	0.97633874	316.81335	0	977402.4
4.1550000000003563e-10	0.21619195	0.0006625778	0.976348	316.77905	0	977449.3
4.160000000000358e-10	0.21615027	0.00066030165	0.97635716	316.7448	0	977496.2
4.1650000000003594e-10	0.21610881	0.000657833	0.97636634	316.71066	0	977543
4.170000000000361e-10	0.21606758	0.0006551794	0.97637546	316.67657	0	977589.7
4.1750000000003625e-10	0.21602659	0.000652354	0.9763847	316.64255	0	977636.25
4.180000000000364e-10	0.21598577	0.00064936915	0.9763936	316.60858	0	977682.75
4.1850000000003655e-10	0.21594508	0.0006462252	0.97640264	316.5747	0	977729.1
4.190000000000367e-10	0.21590468	0.0006429346	0.97641164	316.5409	0	977775.44
4.1950000000003686e-10	0.21586461	0.0006395125	0.97642046	316.50714	0	977821.6
4.20000000000037e-10	0.21582489	0.00063597364	0.9764292	316.47348	0	977867.7
4.2050000000003717e-10	0.21578535	0.0006323333	0.976438	316.43985	0	977913.7
4.210000000000373e-10	0.21574613	0.0006286024	0.97644675	316.4063	0	977959.56
4.2150000000003747e-10	0.21570718	0.00062479154	0.97645533	316.37286	0	978005.4
4.218500000000376e-10	0.21568	0.0006220144	0.97646123	316.35614	0	978028.25
