# t (s)	mx ()	my ()	mz ()	T (K)	J (A/m^2)	Ms (A/m)
0	0	0	1	300	0	1e+06
5e-13	0.19678634	-0.010833414	0.98038447	300.2408	1.7592783e+12	999682.44
1e-12	0.19434334	-0.02614358	0.9805831	301.20038	2.5702847e+12	998415.3
1.5499999999999999e-12	0.19144478	-0.049366374	0.98025924	302.84525	3.4841748e+12	996236.6
2.05e-12	0.18869004	-0.077259466	0.97899103	305.689	4.544591e+12	992450.44
2.55e-12	0.18591742	-0.11225089	0.9761308	310.24292	5.703819e+12	986335.8
3.0499999999999997e-12	0.18321608	-0.15450686	0.97085345	316.99716	6.888311e+12	977150.56
3.5499999999999996e-12	0.18063073	-0.2035984	0.96224624	326.27472	8.0045314e+12	964308.94
4.05e-12	0.17813364	-0.2584083	0.9494691	338.0762	8.95025e+12	947601.06
4.55e-12	0.17563932	-0.31713355	0.93197393	351.9772	9.629652e+12	927390.9
5.05e-12	0.17307742	-0.3774182	0.9097241	367.13776	9.969241e+12	904703.75
5.5499999999999996e-12	0.1705	-0.43663144	0.8833352	382.44376	9.930925e+12	881123.9
6.0499999999999995e-12	0.16815934	-0.49225342	0.85405344	396.7444	9.519046e+12	858487.25
6.549999999999999e-12	0.16649656	-0.5422687	0.82354206	409.1029	8.77957e+12	838458.56
7.049999999999999e-12	0.16603644	-0.5854358	0.7935327	418.9723	7.791646e+12	822156.25
7.500000000000003e-12	0.16702016	-0.6180944	0.76815385	426.24265	6.65367e+12	809973.56
8.000000000000011e-12	0.16999961	-0.6477075	0.7426781	431.16556	5.4672564e+12	801641.25
8.500000000000019e-12	0.17503728	-0.67102796	0.7204707	434.20648	4.3226861e+12	796460.94
9.000000000000027e-12	0.18205611	-0.6890171	0.7015013	435.88974	3.288623e+12	793582.44
9.500000000000035e-12	0.19084077	-0.70268804	0.68542016	436.68475	2.407413e+12	792220.2
1.0000000000000043e-11	0.20109774	-0.7129844	0.6717163	436.95	1.6957554e+12	791765.3
1.0500000000000051e-11	0.21250808	-0.72071916	0.65984225	436.92636	1.149349e+12	791805.9
1.1000000000000059e-11	0.22476663	-0.7265536	0.6492959	436.75833	7.495779e+11	792094.06
1.1500000000000067e-11	0.23760621	-0.7309997	0.63966036	436.5242	4.7038962e+11	792495.44
1.2000000000000075e-11	0.25080907	-0.7344368	0.6306164	436.26245	2.8403692e+11	792944.06
1.2500000000000083e-11	0.26420808	-0.73713464	0.6219352	435.99023	1.6503192e+11	793410.3
1.3000000000000091e-11	0.27768186	-0.7392768	0.6134623	435.71466	9.2265054e+10	793882.2
1.3500000000000099e-11	0.29114613	-0.74098456	0.6050998	435.43832	4.963438e+10	794355.1
1.4000000000000107e-11	0.3045449	-0.74233526	0.5967889	435.16217	2.5692367e+10	794827.56
1.4500000000000115e-11	0.31784183	-0.74337775	0.5884968	434.88647	1.279681e+10	795299.06
1.500000000000011e-11	0.33101332	-0.7441433	0.58020633	434.5838	5.686081e+09	795816.3
1.55000000000001e-11	0.34404367	-0.7446526	0.57190955	434.25443	2.2254564e+09	796379
1.6000000000000093e-11	0.35692555	-0.7449186	0.56360453	434.09003	1.3636133e+09	796659.75
1.6500000000000085e-11	0.36965218	-0.7449523	0.55529124	433.76187	4.9110426e+08	797219.94
1.7000000000000077e-11	0.3822167	-0.7447644	0.5469706	433.43448	1.6732998e+08	797778.44
1.750000000000007e-11	0.39461687	-0.7443618	0.538645	433.27112	9.566276e+07	798057.06
1.800000000000006e-11	0.40684927	-0.7437529	0.5303165	432.94495	2.9992964e+07	798613.06
1.8500000000000052e-11	0.41890913	-0.7429468	0.52198684	432.61957	8.896383e+06	799167.44
1.9000000000000044e-11	0.43079552	-0.7419499	0.5136585	432.45718	4.745474e+06	799444
1.9500000000000036e-11	0.442506	-0.74077016	0.50533354	432.133	1.2952395e+06	799995.94
2.0000000000000028e-11	0.45403692	-0.7394162	0.4970134	431.8096	334455.34	800546.2
2.050000000000002e-11	0.46538773	-0.7378946	0.48870042	431.64822	166456.7	800820.7
2.100000000000001e-11	0.47655696	-0.73621273	0.48039618	431.32602	39551.754	801368.56
2.1500000000000003e-11	0.48754156	-0.73437923	0.47210196	431.0046	8890.943	801914.75
2.2049999999999994e-11	0.4994109	-0.7321954	0.46299192	430.8442	4128.6494	802187.2
2.2549999999999986e-11	0.5100075	-0.73006445	0.4547245	430.52396	854.0169	802731
2.3049999999999978e-11	0.5204162	-0.7278046	0.44647157	430.20453	167.12543	803273.1
2.354999999999997e-11	0.5306364	-0.7254227	0.43823427	430.0451	72.41019	803543.56
2.404999999999996e-11	0.5406706	-0.7229233	0.43001446	429.7268	13.039236	804083.3
2.4549999999999953e-11	0.5505155	-0.72031575	0.42181265	429.40933	2.221377	804621.44
2.5049999999999945e-11	0.56017095	-0.7176067	0.41362968	429.25085	0.89800006	804889.94
2.5549999999999937e-11	0.56963974	-0.7148003	0.40546718	428.93454	0.14077413	805425.7
2.604999999999993e-11	0.5789194	-0.7119057	0.3973252	428.619	0.020877905	805959.9
2.654999999999992e-11	0.58801013	-0.7089291	0.38920456	428.4615	0.007874774	806226.3
2.7049999999999912e-11	0.59691495	-0.7058745	0.3811065	428.1471	0.0010746785	806758.1
2.7549999999999904e-11	0.6056317	-0.7027504	0.373031	427.83347	0.00013875116	807288.4
2.8049999999999896e-11	0.6141614	-0.6995625	0.3649784	427.67694	4.882978e-05	807552.9
2.8549999999999888e-11	0.6225066	-0.6963149	0.35694996	427.36444	5.801219e-06	808080.75
2.904999999999988e-11	0.63066643	-0.69301534	0.34894526	427.05273	6.520356e-07	808607.06
2.95499999999999e-11	0.638643	-0.68966764	0.3409651	426.79352	1.0111955e-07	809044.5
3.0049999999999925e-11	0.6464366	-0.6862787	0.33300936	426.53485	1.5089507e-08	809480.9
3.054999999999995e-11	0.6540483	-0.6828535	0.32507828	426.2767	2.1666613e-09	809916.1
3.104999999999997e-11	0.66147935	-0.6793975	0.3171718	426.01907	2.9935268e-10	810350.4
3.155e-11	0.6687309	-0.6759158	0.30929005	425.762	3.9797096e-11	810783.5
3.200000000000002e-11	0.6751047	-0.6727645	0.30221748	425.5054	5.090914e-12	811215.6
3.250000000000004e-11	0.68201876	-0.6692475	0.29438242	425.24936	6.266372e-13	811646.6
3.300000000000007e-11	0.6887571	-0.6657189	0.2865717	424.99384	7.42186e-14	812076.56
3.350000000000009e-11	0.6953213	-0.6621835	0.27878514	424.73883	8.458346e-15	812505.5
3.4000000000000115e-11	0.7017128	-0.6586456	0.2710224	424.48434	9.275434e-16	812933.3
3.450000000000014e-11	0.7079329	-0.6551097	0.26328313	424.23038	9.787215e-17	813360.1
3.5000000000000163e-11	0.7139831	-0.65158015	0.25556698	423.97693	9.937111e-18	813785.9
3.550000000000019e-11	0.7198651	-0.64806104	0.24787356	423.724	9.708168e-19	814210.56
3.600000000000021e-11	0.7255804	-0.64455634	0.24020226	423.4716	9.126211e-20	814634.25
3.6500000000000236e-11	0.73113024	-0.6410701	0.23255257	423.2197	8.2550525e-21	815056.9
3.700000000000026e-11	0.73651654	-0.63760614	0.22492392	422.9683	7.184976e-22	815478.44
3.7500000000000284e-11	0.74174064	-0.6341681	0.21731566	422.71744	6.017372e-23	815899
3.800000000000031e-11	0.746804	-0.6307596	0.20972711	422.46707	4.8491382e-24	816318.5
3.850000000000033e-11	0.7517084	-0.6273841	0.20215754	422.21722	3.760091e-25	816737
3.9000000000000356e-11	0.756455	-0.62404513	0.19460618	421.96786	2.805487e-26	817154.44
3.950000000000038e-11	0.7610456	-0.6207458	0.1870722	421.71906	2.0141614e-27	817570.9
4.0000000000000405e-11	0.7654814	-0.6174894	0.17955476	421.47073	1.3914141e-28	817986.25
4.050000000000043e-11	0.76976407	-0.61427885	0.172053	421.2229	9.248997e-30	818400.7
4.100000000000045e-11	0.7738948	-0.61111736	0.16456589	420.9756	5.915739e-31	818814.06
4.150000000000048e-11	0.777875	-0.60800767	0.15709257	420.7288	3.6408222e-32	819226.44
4.20000000000005e-11	0.7817061	-0.60495263	0.14963198	420.48248	2.1560859e-33	819637.75
4.2500000000000525e-11	0.7853893	-0.6019549	0.14218307	420.2367	1.2285949e-34	820048.1
4.300000000000055e-11	0.78892595	-0.5990171	0.13474481	419.9914	6.736395e-36	820457.44
4.3500000000000574e-11	0.7923171	-0.5961418	0.12731606	419.74658	3.5540409e-37	820865.8
4.40000000000006e-11	0.7955639	-0.5933314	0.11989572	419.5023	1.8042364e-38	821273.1
4.450000000000062e-11	0.79866767	-0.59058815	0.112482585	419.25848	8.81334e-40	821679.5
4.5000000000000646e-11	0.80162925	-0.5879144	0.10507547	419.01517	4.1425e-41	822084.8
4.550000000000067e-11	0.80444956	-0.5853124	0.09767316	418.77237	1.874e-42	822489.2
4.6000000000000694e-11	0.8071296	-0.5827841	0.09027439	418.53006	8.1e-44	822892.56
4.650000000000072e-11	0.8096703	-0.58033174	0.0828779	418.28824	3e-45	823294.94
4.700000000000074e-11	0.8120723	-0.5779569	0.07548236	418.0469	0	823696.4
4.7500000000000767e-11	0.8143365	-0.5756617	0.06808646	417.8061	0	824096.8
4.800000000000079e-11	0.81646335	-0.5734479	0.060688853	417.56573	0	824496.25
4.8500000000000815e-11	0.81845343	-0.57131714	0.053288143	417.3259	0	824894.7
4.900000000000084e-11	0.82030743	-0.569271	0.045882948	417.08652	0	825292.2
4.950000000000086e-11	0.8220255	-0.56731117	0.03847185	416.84766	0	825688.7
5.000000000000089e-11	0.8236081	-0.565439	0.031053418	416.60925	0	826084.25
5.050000000000091e-11	0.8250555	-0.56365585	0.023626193	416.37137	0	826478.9
5.1000000000000935e-11	0.8263678	-0.56196326	0.01618871	416.13394	0	826872.5
5.150000000000096e-11	0.8275451	-0.5603621	0.00873948	415.89703	0	827265.2
5.2000000000000984e-11	0.8285874	-0.5588539	0.0012770045	415.66058	0	827656.9
5.250000000000101e-11	0.82949454	-0.5574396	-0.0062002307	415.42462	0	828047.6
5.300000000000103e-11	0.83026636	-0.55612016	-0.013693753	415.18912	0	828437.44
5.3500000000001056e-11	0.8309024	-0.55489653	-0.021205096	414.95413	0	828826.3
5.400000000000108e-11	0.83140266	-0.55376965	-0.028735809	414.7196	0	829214.25
5.4500000000001104e-11	0.83176625	-0.5527401	-0.036287446	414.48557	0	829601.2
5.500000000000113e-11	0.8319928	-0.5518088	-0.043861564	414.25198	0	829987.25
5.550000000000115e-11	0.83208156	-0.55097616	-0.051459737	414.0189	0	830372.3
5.6000000000001177e-11	0.83203155	-0.5502427	-0.05908354	413.7863	0	830756.44
5.65000000000012e-11	0.8318422	-0.54960895	-0.06673453	413.55414	0	831139.7
5.7000000000001225e-11	0.8315123	-0.5490751	-0.0744143	413.32248	0	831521.94
5.750000000000125e-11	0.8310408	-0.5486415	-0.0821244	413.09128	0	831903.3
5.800000000000127e-11	0.8304264	-0.54830825	-0.089866415	412.86057	0	832283.75
5.85000000000013e-11	0.8296678	-0.54807526	-0.097641915	412.6303	0	832663.25
5.900000000000132e-11	0.8287636	-0.54794264	-0.10545243	412.40054	0	833041.8
5.950000000000135e-11	0.82771224	-0.54791003	-0.11329955	412.17123	0	833419.5
6.000000000000137e-11	0.82651216	-0.54797727	-0.121184796	411.94238	0	833796.2
6.05000000000014e-11	0.8251614	-0.5481438	-0.12910967	411.714	0	834172.06
6.100000000000142e-11	0.8236583	-0.5484092	-0.1370757	411.48608	0	834546.94
6.150000000000144e-11	0.8220006	-0.54877275	-0.14508437	411.25864	0	834920.94
6.200000000000147e-11	0.82018656	-0.5492336	-0.15313715	411.03165	0	835294.06
6.250000000000149e-11	0.8182137	-0.54979086	-0.16123548	410.80515	0	835666.25
6.300000000000151e-11	0.8160798	-0.55044335	-0.1693808	410.57907	0	836037.56
6.350000000000154e-11	0.8137825	-0.55119	-0.17757446	410.3535	0	836407.94
6.400000000000156e-11	0.81131923	-0.5520292	-0.18581785	410.12833	0	836777.44
6.450000000000159e-11	0.80868727	-0.5529595	-0.19411224	409.90366	0	837146.06
6.500000000000161e-11	0.80588406	-0.55397916	-0.20245896	409.67944	0	837513.75
6.550000000000163e-11	0.8029068	-0.5550863	-0.21085922	409.4557	0	837880.56
6.600000000000166e-11	0.79975265	-0.55627865	-0.21931422	409.2324	0	838246.5
6.650000000000168e-11	0.7964183	-0.55755395	-0.22782508	409.00952	0	838611.5
6.700000000000171e-11	0.79290104	-0.55890983	-0.23639289	408.78714	0	838975.7
6.750000000000173e-11	0.78919744	-0.56034327	-0.24501865	408.5652	0	839338.94
6.800000000000176e-11	0.7853044	-0.5618517	-0.25370333	408.3437	0	839701.4
6.850000000000178e-11	0.7812189	-0.5634316	-0.26244786	408.12268	0	840062.9
6.90000000000018e-11	0.7769371	-0.56507975	-0.27125293	407.90207	0	840423.5
6.950000000000183e-11	0.772456	-0.56679237	-0.28011942	407.68195	0	840783.3
7.000000000000185e-11	0.7677719	-0.5685656	-0.2890479	407.46225	0	841142.2
7.050000000000188e-11	0.76288146	-0.5703951	-0.2980389	407.243	0	841500.25
7.10000000000019e-11	0.7577813	-0.57227665	-0.30709293	407.02423	0	841857.44
7.150000000000192e-11	0.7524678	-0.5742052	-0.3162104	406.80588	0	842213.75
7.200000000000195e-11	0.74693733	-0.5761758	-0.32539147	406.58798	0	842569.2
7.250000000000197e-11	0.74118674	-0.57818305	-0.33463636	406.37054	0	842923.75
7.3000000000002e-11	0.73521227	-0.5802213	-0.34394503	406.15353	0	843277.5
7.350000000000202e-11	0.7290107	-0.58228445	-0.35331747	405.93695	0	843630.4
7.400000000000205e-11	0.72257876	-0.58436614	-0.36275333	405.72083	0	843982.44
7.450000000000207e-11	0.715913	-0.5864598	-0.37225235	405.50513	0	844333.6
7.500000000000209e-11	0.7090103	-0.5885584	-0.3818139	405.2899	0	844683.94
7.550000000000212e-11	0.7018678	-0.5906542	-0.3914374	405.07507	0	845033.44
7.600000000000214e-11	0.69448245	-0.5927398	-0.40112206	404.86072	0	845382.06
7.650000000000217e-11	0.68685156	-0.59480697	-0.41086683	404.6468	0	845729.9
7.700000000000219e-11	0.67897266	-0.59684706	-0.4206706	404.4333	0	846076.9
7.750000000000221e-11	0.6708433	-0.5988514	-0.43053192	404.22025	0	846423
7.800000000000224e-11	0.6624616	-0.6008105	-0.44044945	404.0076	0	846768.3
7.850000000000226e-11	0.6538255	-0.6027149	-0.45042133	403.7954	0	847112.75
7.900000000000229e-11	0.64493376	-0.6045545	-0.46044567	403.58365	0	847456.4
7.950000000000231e-11	0.63578504	-0.60631883	-0.47052035	403.37234	0	847799.2
8.000000000000233e-11	0.62637854	-0.60799736	-0.4806432	403.16144	0	848141.2
8.050000000000236e-11	0.61671376	-0.6095787	-0.49081156	402.951	0	848482.4
8.100000000000238e-11	0.6067907	-0.61105144	-0.5010226	402.74094	0	848822.7
8.150000000000241e-11	0.59661	-0.61240375	-0.5112735	402.53134	0	849162.25
8.200000000000243e-11	0.5861724	-0.61362356	-0.52156097	402.32217	0	849500.94
8.250000000000246e-11	0.5754795	-0.6146983	-0.5318815	402.1134	0	849838.9
8.300000000000248e-11	0.5645331	-0.6156151	-0.5422315	401.9051	0	850175.94
8.35000000000025e-11	0.5533361	-0.6163611	-0.55260706	401.69717	0	850512.25
8.400000000000253e-11	0.54189163	-0.6169228	-0.56300396	401.48972	0	850847.7
8.450000000000255e-11	0.5302036	-0.6172868	-0.5734178	401.28265	0	851182.4
8.500000000000258e-11	0.5182767	-0.61743927	-0.5838439	401.07602	0	851516.2
8.55000000000026e-11	0.5061163	-0.6173663	-0.5942775	400.8698	0	851849.25
8.600000000000262e-11	0.4937284	-0.61705405	-0.6047133	400.66403	0	852181.56
8.650000000000265e-11	0.48112005	-0.6164883	-0.615146	400.45865	0	852513
8.700000000000267e-11	0.46829903	-0.6156548	-0.62556994	400.2537	0	852843.7
8.75000000000027e-11	0.45527387	-0.6145396	-0.6359793	400.04916	0	853173.56
8.800000000000272e-11	0.44205406	-0.61312866	-0.646368	399.84506	0	853502.6
8.850000000000274e-11	0.42865008	-0.6114079	-0.65672976	399.64136	0	853830.94
8.900000000000277e-11	0.41507322	-0.60936356	-0.6670579	399.43808	0	854158.44
8.950000000000279e-11	0.40133563	-0.6069822	-0.6773459	399.2352	0	854485.2
9.000000000000282e-11	0.38745064	-0.6042505	-0.6875867	399.03275	0	854811.1
9.050000000000284e-11	0.3734323	-0.6011556	-0.6977733	398.83072	0	855136.25
9.100000000000287e-11	0.3592957	-0.597685	-0.70789826	398.6291	0	855460.7
9.150000000000289e-11	0.34505686	-0.5938269	-0.7179544	398.42786	0	855784.25
9.200000000000291e-11	0.33073285	-0.58956987	-0.727934	398.22705	0	856107.1
9.250000000000294e-11	0.31634152	-0.5849032	-0.7378292	398.02667	0	856429.2
9.300000000000296e-11	0.30190176	-0.57981676	-0.74763244	397.82666	0	856750.44
9.350000000000299e-11	0.28743318	-0.5743016	-0.7573356	397.6271	0	857071
9.400000000000301e-11	0.27295628	-0.56834924	-0.7669309	397.42792	0	857390.75
9.450000000000303e-11	0.25849253	-0.56195235	-0.77641016	397.22916	0	857709.75
9.500000000000306e-11	0.24406396	-0.55510455	-0.78576565	397.0308	0	858027.94
9.550000000000308e-11	0.22969344	-0.54780054	-0.79498893	396.83282	0	858345.44
9.60000000000031e-11	0.21540433	-0.5400364	-0.8040722	396.63528	0	858662.1
9.650000000000313e-11	0.20122077	-0.53180903	-0.8130075	396.43814	0	858978.1
9.700000000000315e-11	0.18716723	-0.5231169	-0.8217867	396.2414	0	859293.3
9.750000000000318e-11	0.17326874	-0.5139597	-0.8304022	396.04504	0	859607.75
9.80000000000032e-11	0.15955056	-0.50433856	-0.8388465	395.8491	0	859921.44
9.850000000000323e-11	0.14603832	-0.49425602	-0.8471117	395.65356	0	860234.44
9.900000000000325e-11	0.13275768	-0.48371613	-0.8551907	395.4584	0	860546.6
9.950000000000328e-11	0.11973452	-0.4727243	-0.86307627	395.26364	0	860858.06
1.000000000000033e-10	0.10699447	-0.46128765	-0.8707615	395.0693	0	861168.8
1.0050000000000332e-10	0.09456319	-0.4494147	-0.87823975	394.87534	0	861478.75
1.0100000000000335e-10	0.08246597	-0.43711546	-0.88550466	394.6818	0	861788
1.0150000000000337e-10	0.07072778	-0.42440167	-0.8925502	394.48862	0	862096.5
1.020000000000034e-10	0.05937307	-0.41128653	-0.8993704	394.29587	0	862404.3
1.0250000000000342e-10	0.048425723	-0.39778462	-0.9059601	394.1035	0	862711.3
1.0300000000000344e-10	0.037908904	-0.38391203	-0.9123143	393.9115	0	863017.6
1.0350000000000347e-10	0.027844947	-0.3696865	-0.9184281	393.7199	0	863323.2
1.0400000000000349e-10	0.01825527	-0.35512692	-0.9242975	393.5287	0	863628.06
1.0450000000000352e-10	0.009160265	-0.34025362	-0.92991865	393.3379	0	863932.2
1.0500000000000354e-10	0.00057920243	-0.32508817	-0.9352882	393.14746	0	864235.56
1.0550000000000356e-10	-0.007469879	-0.3096533	-0.940403	392.95743	0	864538.25
1.0600000000000359e-10	-0.014970246	-0.29397294	-0.94526076	392.7678	0	864840.2
1.0650000000000361e-10	-0.021906555	-0.27807194	-0.9498594	392.57852	0	865141.44
1.0700000000000364e-10	-0.028264925	-0.2619761	-0.95419765	392.38965	0	865441.94
1.0750000000000366e-10	-0.03403301	-0.24571212	-0.9582741	392.20117	0	865741.75
1.0800000000000369e-10	-0.039200056	-0.22930734	-0.9620885	392.01306	0	866040.9
1.0850000000000371e-10	-0.043756925	-0.21278974	-0.9656403	391.82535	0	866339.25
1.0900000000000373e-10	-0.04769618	-0.19618785	-0.96893054	391.638	0	866636.94
1.0950000000000376e-10	-0.051012084	-0.17953047	-0.9719596	391.45105	0	866933.94
1.1000000000000378e-10	-0.053700615	-0.16284668	-0.974729	391.26447	0	867230.2
1.105000000000038e-10	-0.05575951	-0.14616582	-0.97724056	391.07828	0	867525.75
1.1100000000000383e-10	-0.057188217	-0.12951708	-0.9794964	390.89246	0	867820.6
1.1150000000000385e-10	-0.05798795	-0.112929694	-0.9814992	390.70703	0	868114.75
1.1200000000000388e-10	-0.058161613	-0.09643263	-0.98325235	390.52197	0	868408.25
1.125000000000039e-10	-0.0577138	-0.080054544	-0.9847592	390.3373	0	868701
1.1300000000000393e-10	-0.05665075	-0.06382365	-0.98602384	390.153	0	868993.06
1.1350000000000395e-10	-0.05498033	-0.047767643	-0.98705053	389.9691	0	869284.5
1.1400000000000397e-10	-0.052711945	-0.03191355	-0.98784393	389.78552	0	869575.2
1.14500000000004e-10	-0.0498565	-0.016287705	-0.98840904	389.60236	0	869865.2
1.1500000000000402e-10	-0.046426337	-0.00091559294	-0.9887515	389.41956	0	870154.5
1.1550000000000405e-10	-0.04243517	0.0141782	-0.9888769	389.23712	0	870443.1
1.1600000000000407e-10	-0.037897974	0.028970066	-0.988791	389.05505	0	870731.06
1.1650000000000407e-10	-0.032830965	0.043437447	-0.9885003	388.87338	0	871018.4
1.1700000000000396e-10	-0.027251633	0.05755884	-0.9880114	388.76456	0	871190.4
1.1750000000000386e-10	-0.021178091	0.07131406	-0.9873308	388.5473	0	871533.7
1.1800000000000375e-10	-0.01462991	0.08468402	-0.98646575	388.3306	0	871876
1.1850000000000365e-10	-0.00762697	0.09765094	-0.9854229	388.22244	0	872046.8
1.1900000000000354e-10	-0.00019013938	0.110198244	-0.9842101	388.00653	0	872387.7
1.1950000000000344e-10	0.0076586157	0.12231078	-0.9828343	387.79114	0	872727.56
1.2000000000000333e-10	0.015897518	0.13397461	-0.98130333	387.68365	0	872897.2
1.2050000000000323e-10	0.024503965	0.14517711	-0.979625	387.46906	0	873235.6
1.2100000000000312e-10	0.033454437	0.15590726	-0.9778066	387.25497	0	873573.1
1.2150000000000302e-10	0.042726073	0.16615498	-0.9758564	387.14813	0	873741.5
1.2200000000000291e-10	0.05229534	0.17591174	-0.973782	386.93484	0	874077.6
1.225000000000028e-10	0.06213797	0.18517053	-0.97159123	386.72208	0	874412.7
1.230000000000027e-10	0.072230764	0.19392516	-0.96929204	386.61588	0	874579.94
1.235000000000026e-10	0.08255001	0.20217088	-0.96689236	386.4039	0	874913.6
1.240000000000025e-10	0.09307147	0.20990473	-0.96439993	386.19244	0	875246.4
1.245000000000024e-10	0.10377224	0.21712407	-0.9618225	386.08688	0	875412.4
1.2500000000000228e-10	0.114629105	0.22382788	-0.95916796	385.8762	0	875743.75
1.2550000000000218e-10	0.12561844	0.23001672	-0.9564437	385.66602	0	876074.1
1.2600000000000207e-10	0.13671832	0.23569132	-0.9536576	385.56113	0	876239
1.2650000000000197e-10	0.1479065	0.24085389	-0.95081717	385.3517	0	876568
1.2700000000000186e-10	0.15916054	0.24550828	-0.9479293	385.14282	0	876896.06
1.2750000000000176e-10	0.17045988	0.24965812	-0.9450017	385.03857	0	877059.75
1.2800000000000165e-10	0.18178377	0.2533085	-0.9420411	384.83044	0	877386.44
1.2850000000000155e-10	0.19311139	0.25646612	-0.9390548	384.62283	0	877712.2
1.2900000000000144e-10	0.20442387	0.25913706	-0.9360494	384.51923	0	877874.75
1.2950000000000134e-10	0.21570228	0.26132882	-0.9330314	384.31238	0	878199.1
1.3000000000000123e-10	0.22692776	0.2630505	-0.9300076	384.10602	0	878522.56
1.3050000000000113e-10	0.23808329	0.2643101	-0.9269841	384.00305	0	878684
1.3100000000000102e-10	0.24915211	0.2651172	-0.92396694	383.79745	0	879006.06
1.3150000000000092e-10	0.2601174	0.2654826	-0.92096204	383.59235	0	879327.25
1.320000000000008e-10	0.27096438	0.2654161	-0.9179753	383.49	0	879487.5
1.325000000000007e-10	0.28167835	0.26492858	-0.91501194	383.28568	0	879807.4
1.330000000000006e-10	0.29224473	0.2640323	-0.91207737	383.08185	0	880126.3
1.335000000000005e-10	0.30265105	0.2627382	-0.9091768	382.9801	0	880285.44
1.340000000000004e-10	0.31288478	0.26105806	-0.9063149	382.777	0	880603
1.3450000000000029e-10	0.32293358	0.25900528	-0.90349656	382.57443	0	880919.7
1.3500000000000018e-10	0.3327871	0.2565912	-0.900726	382.47333	0	881077.7
1.3550000000000007e-10	0.3424351	0.25382844	-0.89800775	382.27148	0	881393.06
1.3604999999999996e-10	0.35279855	0.25040272	-0.89508235	382.07013	0	881707.5
1.3654999999999985e-10	0.3619836	0.24695098	-0.8924864	381.96964	0	881864.44
1.3704999999999975e-10	0.3709361	0.2431889	-0.8899544	381.769	0	882177.56
1.3754999999999964e-10	0.37964758	0.2391316	-0.8874896	381.56888	0	882489.8
1.3804999999999954e-10	0.38811117	0.2347918	-0.8850955	381.46902	0	882645.6
1.3854999999999943e-10	0.39632148	0.23017983	-0.88277525	381.26962	0	882956.56
1.3904999999999933e-10	0.4042718	0.22531062	-0.8805312	381.0707	0	883266.6
1.3954999999999922e-10	0.411957	0.22019672	-0.8783664	380.97147	0	883421.3
1.4004999999999912e-10	0.41937315	0.21484789	-0.87628335	380.7733	0	883730.06
1.4054999999999901e-10	0.42651522	0.20927893	-0.87428427	380.5756	0	884038
1.410499999999989e-10	0.43337953	0.20350176	-0.87237144	380.47693	0	884191.6
1.415499999999988e-10	0.43996328	0.19752572	-0.87054694	380.27997	0	884498.2
1.420499999999987e-10	0.4462629	0.19136512	-0.86881256	380.0835	0	884803.94
1.425499999999986e-10	0.45227566	0.18503144	-0.8671699	379.98544	0	884956.5
1.430499999999985e-10	0.45800006	0.1785335	-0.8656211	379.78967	0	885260.94
1.4354999999999838e-10	0.46343336	0.171885	-0.8641672	379.5944	0	885564.5
1.4404999999999828e-10	0.46857408	0.16509706	-0.86280936	379.49695	0	885716
1.4454999999999817e-10	0.4734212	0.15817791	-0.86154956	379.30237	0	886018.3
1.4504999999999807e-10	0.47797313	0.15114091	-0.8603881	379.10828	0	886319.75
1.4554999999999796e-10	0.48222914	0.14399669	-0.85932624	379.0114	0	886470.2
1.4604999999999786e-10	0.48618886	0.13675302	-0.858365	378.81805	0	886770.4
1.4654999999999775e-10	0.48985165	0.12942293	-0.85750484	378.62515	0	887069.75
1.4704999999999765e-10	0.49321738	0.12201663	-0.8567465	378.52887	0	887219.1
1.4754999999999754e-10	0.49628618	0.11454161	-0.85609025	378.33667	0	887517.2
1.4804999999999744e-10	0.49905828	0.107010506	-0.8555366	378.14496	0	887814.5
1.4854999999999733e-10	0.50153416	0.09943329	-0.8550854	378.0493	0	887962.8
1.4904999999999723e-10	0.5037145	0.091817126	-0.8547373	377.85825	0	888258.8
1.4954999999999712e-10	0.5056003	0.084174424	-0.8544918	377.6677	0	888554
1.5004999999999702e-10	0.50719255	0.076514855	-0.8543488	377.5726	0	888701.3
1.505499999999969e-10	0.50849265	0.06884536	-0.85430795	377.38275	0	888995.25
1.510499999999968e-10	0.5095023	0.06117811	-0.8543688	377.19336	0	889288.4
1.515499999999967e-10	0.51022303	0.05352255	-0.8545309	377.09885	0	889434.6
1.520499999999966e-10	0.5106569	0.045885436	-0.85479337	376.91016	0	889726.5
1.525499999999965e-10	0.51080614	0.03827868	-0.8551553	376.72192	0	890017.6
1.5304999999999639e-10	0.51067334	0.03071151	-0.8556158	376.62796	0	890162.8
1.5354999999999628e-10	0.5102608	0.023190483	-0.85617393	376.44043	0	890452.7
1.5404999999999617e-10	0.50957185	0.01572727	-0.8568282	376.25336	0	890741.75
1.5454999999999607e-10	0.50860953	0.00833085	-0.85757726	376.15997	0	890886
1.5504999999999596e-10	0.5073769	0.0010075967	-0.85841984	375.97357	0	891173.8
1.5554999999999586e-10	0.50587803	-0.006231124	-0.85935414	375.78766	0	891460.9
1.5604999999999575e-10	0.5041167	-0.013376604	-0.8603782	375.69485	0	891604.06
1.5654999999999565e-10	0.5020967	-0.020422688	-0.8614907	375.50958	0	891889.94
1.5704999999999554e-10	0.49982288	-0.02735837	-0.86268914	375.3248	0	892174.94
1.5754999999999544e-10	0.49729988	-0.034175254	-0.8639716	375.23254	0	892317.2
1.5804999999999533e-10	0.49453208	-0.04086747	-0.865336	375.04843	0	892601
1.5854999999999523e-10	0.49152532	-0.04742443	-0.8667799	374.86475	0	892884.06
1.5904999999999512e-10	0.48828503	-0.05383812	-0.8683007	374.77307	0	893025.3
1.5954999999999502e-10	0.48481634	-0.060103036	-0.86989623	374.5901	0	893307.2
1.6004999999999491e-10	0.4811259	-0.06620909	-0.8715635	374.40753	0	893588.25
1.605499999999948e-10	0.4772201	-0.07214875	-0.87329966	374.3164	0	893728.5
1.610499999999947e-10	0.4731046	-0.07791695	-0.8751024	374.13452	0	894008.44
1.615499999999946e-10	0.46878722	-0.08350421	-0.8769682	373.9531	0	894287.56
1.620499999999945e-10	0.46427497	-0.08890359	-0.87889427	373.86255	0	894426.8
1.625499999999944e-10	0.4595746	-0.09411055	-0.88087773	373.68176	0	894704.8
1.6304999999999428e-10	0.45469436	-0.099116355	-0.8829151	373.50143	0	894982
1.6354999999999418e-10	0.4496425	-0.10391478	-0.8850028	373.41144	0	895120.3
1.6404999999999407e-10	0.4444262	-0.10850191	-0.8871383	373.23178	0	895396.3
1.6454999999999397e-10	0.43905494	-0.1128699	-0.8893174	373.05255	0	895671.6
1.6504999999999386e-10	0.43353742	-0.11701333	-0.891537	372.9631	0	895808.94
1.6554999999999376e-10	0.42788172	-0.120929085	-0.89379376	372.78452	0	896083.06
1.6604999999999365e-10	0.422098	-0.12461031	-0.8960836	372.60638	0	896356.44
1.6654999999999355e-10	0.4161959	-0.12805256	-0.8984033	372.5175	0	896492.8
1.6704999999999344e-10	0.4101839	-0.13125366	-0.9007491	372.34	0	896765
1.6754999999999334e-10	0.4040731	-0.13420789	-0.9031172	372.16296	0	897036.5
1.6804999999999323e-10	0.39787358	-0.1369119	-0.90550405	372.0746	0	897171.94
1.6854999999999313e-10	0.39159462	-0.13936457	-0.90790594	371.8982	0	897442.25
1.6904999999999302e-10	0.38524774	-0.14156145	-0.910319	371.72223	0	897711.8
1.6954999999999292e-10	0.37884352	-0.14350046	-0.9127395	371.6344	0	897846.4
1.700499999999928e-10	0.37239185	-0.14518161	-0.91516393	371.4591	0	898114.8
1.705499999999927e-10	0.36590454	-0.14660195	-0.9175881	371.2842	0	898382.5
1.710499999999926e-10	0.35939258	-0.14776064	-0.92000866	371.19693	0	898516.06
1.715499999999925e-10	0.35286605	-0.14865907	-0.92242193	371.02267	0	898782.7
1.720499999999924e-10	0.34633714	-0.14929572	-0.92482406	370.84885	0	899048.56
1.7254999999999229e-10	0.33981696	-0.14967129	-0.92721164	370.7621	0	899181.2
1.7304999999999218e-10	0.33331567	-0.14978845	-0.9295811	370.5889	0	899445.94
1.7354999999999207e-10	0.32684544	-0.14964734	-0.9319287	370.41614	0	899709.94
1.7404999999999197e-10	0.32041737	-0.1492501	-0.93425125	370.32993	0	899841.7
1.7454999999999186e-10	0.31404153	-0.14860089	-0.93654525	370.1578	0	900104.6
1.7504999999999176e-10	0.30772975	-0.14770143	-0.9388074	369.98608	0	900366.8
1.7554999999999165e-10	0.30149308	-0.14655538	-0.94103456	369.9004	0	900497.6
1.7604999999999155e-10	0.29534087	-0.14516835	-0.94322366	369.7293	0	900758.75
1.7654999999999144e-10	0.28928486	-0.14354363	-0.9453714	369.55865	0	901019.1
1.7704999999999134e-10	0.28333515	-0.14168644	-0.94747525	369.47348	0	901149.06
1.7754999999999123e-10	0.27750087	-0.13960375	-0.9495321	369.30347	0	901408.3
1.7804999999999113e-10	0.27179274	-0.13730039	-0.95153946	369.13385	0	901666.94
1.7854999999999102e-10	0.26622024	-0.13478304	-0.95349437	369.0492	0	901795.94
1.7904999999999092e-10	0.2607915	-0.13205993	-0.9553949	368.88022	0	902053.44
1.7954999999999081e-10	0.25551638	-0.12913738	-0.95723844	368.71164	0	902310.25
1.800499999999907e-10	0.2504032	-0.12602328	-0.9590229	368.6275	0	902438.4
1.805499999999906e-10	0.2454591	-0.12272709	-0.9607462	368.45953	0	902694.1
1.810499999999905e-10	0.24069262	-0.11925637	-0.96240664	368.292	0	902949.1
1.815499999999904e-10	0.2361109	-0.11562016	-0.96400213	368.20837	0	903076.4
1.820499999999903e-10	0.23171975	-0.111828886	-0.9655314	368.0414	0	903330.3
1.8254999999999018e-10	0.22752629	-0.10789114	-0.9669928	367.8749	0	903583.6
1.8304999999999008e-10	0.22353618	-0.10381687	-0.9683851	367.79178	0	903710
1.8354999999998997e-10	0.21975383	-0.09961724	-0.9697074	367.6259	0	903962.2
1.8404999999998987e-10	0.21618481	-0.09530169	-0.97095853	367.46036	0	904213.7
1.8454999999998976e-10	0.21283309	-0.09088075	-0.9721376	367.37778	0	904339.2
1.8504999999998966e-10	0.2097016	-0.08636616	-0.9732443	367.21286	0	904589.7
1.8554999999998955e-10	0.2067941	-0.08176778	-0.9742778	367.04837	0	904839.5
1.8604999999998945e-10	0.20411302	-0.0770966	-0.97523797	366.96628	0	904964.1
1.8654999999998934e-10	0.20165965	-0.072364524	-0.9761247	366.80237	0	905212.9
1.8704999999998924e-10	0.19943593	-0.067581676	-0.97693795	366.6389	0	905460.94
1.8754999999998913e-10	0.19744264	-0.062759094	-0.97767776	366.55728	0	905584.7
1.8804999999998903e-10	0.1956794	-0.057908673	-0.9783446	366.39438	0	905831.75
1.8854999999998892e-10	0.19414648	-0.05304044	-0.9789388	366.2319	0	906078.1
1.8904999999998882e-10	0.19284289	-0.04816522	-0.97946095	366.1508	0	906201
1.895499999999887e-10	0.1917668	-0.043294627	-0.9799119	365.9889	0	906446.4
1.900499999999886e-10	0.19091664	-0.0384383	-0.98029256	365.8274	0	906691.06
1.905499999999885e-10	0.19028997	-0.0336066	-0.98060375	365.7468	0	906813.1
1.910499999999884e-10	0.18988337	-0.028810592	-0.9808467	365.58588	0	907056.75
1.915499999999883e-10	0.1896938	-0.024059273	-0.9810229	365.42535	0	907299.75
1.9204999999998819e-10	0.1897172	-0.019362293	-0.98113334	365.34525	0	907421
1.9254999999998808e-10	0.18994896	-0.01472993	-0.98117983	365.18533	0	907663
1.9304999999998798e-10	0.19038457	-0.0101703275	-0.9811639	365.0258	0	907904.3
1.9354999999998787e-10	0.19101872	-0.0056922133	-0.98108727	364.94617	0	908024.7
1.9404999999998776e-10	0.19184555	-0.0013048965	-0.9809518	364.78723	0	908265
1.9454999999998766e-10	0.19285934	0.0029845305	-0.9807593	364.62866	0	908504.7
1.9504999999998755e-10	0.1940537	0.00716844	-0.9805117	364.54953	0	908624.25
1.9554999999998745e-10	0.19542181	0.011238633	-0.9802112	364.39154	0	908862.94
1.9604999999998734e-10	0.19695698	0.015189214	-0.9798598	364.23395	0	909100.94
1.9654999999998724e-10	0.19865185	0.019013768	-0.97945994	364.1553	0	909219.7
1.9704999999998713e-10	0.20049897	0.022705322	-0.9790135	363.9983	0	909456.75
1.9754999999998703e-10	0.20249075	0.026259279	-0.97852314	363.84164	0	909693.1
1.9804999999998692e-10	0.20461926	0.029670527	-0.97799116	363.7635	0	909811.06
1.9854999999998682e-10	0.20687649	0.032933354	-0.97741985	363.60742	0	910046.5
1.9904999999998671e-10	0.2092543	0.03604453	-0.9768116	363.45175	0	910281.25
1.995499999999866e-10	0.21174441	0.03900027	-0.97616893	363.37405	0	910398.4
2.000499999999865e-10	0.21433842	0.041796163	-0.9754944	363.21896	0	910632.2
2.005499999999864e-10	0.21702792	0.044430353	-0.97479033	363.06424	0	910865.3
2.010499999999863e-10	0.21980438	0.04690036	-0.9740592	362.987	0	910981.7
2.015499999999862e-10	0.22265933	0.049203075	-0.9733037	362.83286	0	911213.9
2.0204999999998608e-10	0.2255843	0.051337972	-0.97252625	362.67908	0	911445.44
2.0254999999998598e-10	0.22857077	0.05330388	-0.9717294	362.60233	0	911560.94
2.0304999999998587e-10	0.23161031	0.055098888	-0.9709154	362.4491	0	911791.56
2.0354999999998577e-10	0.23469462	0.056723766	-0.9700869	362.29626	0	912021.56
2.0404999999998566e-10	0.23781528	0.05817856	-0.9692463	362.22	0	912136.3
2.0454999999998556e-10	0.24096422	0.059462506	-0.96839607	362.06772	0	912365.3
2.0504999999998545e-10	0.24413332	0.060577583	-0.9675384	361.9158	0	912593.7
2.0554999999998535e-10	0.24731469	0.061524957	-0.96667564	361.84	0	912707.7
2.0604999999998524e-10	0.25050053	0.062304933	-0.9658104	361.68866	0	912935.1
2.0654999999998514e-10	0.25368324	0.06292056	-0.96494454	361.53766	0	913162
2.0704999999998503e-10	0.2568553	0.063374	-0.9640802	361.4623	0	913275.2
2.0754999999998493e-10	0.26000953	0.06366653	-0.96322	361.3119	0	913501.06
2.0804999999998482e-10	0.26313886	0.06380216	-0.96236557	361.16183	0	913726.4
2.0854999999998472e-10	0.26623645	0.063783966	-0.96151924	361.08694	0	913838.8
2.090499999999846e-10	0.26929572	0.06361401	-0.9606826	360.93744	0	914063.1
2.095499999999845e-10	0.27231026	0.063297175	-0.9598578	360.7883	0	914286.9
2.100499999999844e-10	0.27527392	0.06283727	-0.9590467	360.71387	0	914398.56
2.105499999999843e-10	0.27818075	0.062237106	-0.9582511	360.56528	0	914621.4
2.110499999999842e-10	0.28102526	0.061502207	-0.95747244	360.41705	0	914843.6
2.1154999999998409e-10	0.283802	0.06063707	-0.9567125	360.34308	0	914954.5
2.1204999999998398e-10	0.28650573	0.05964503	-0.95597273	360.19537	0	915175.8
2.1254999999998388e-10	0.2891318	0.05853221	-0.9552547	360.04807	0	915396.5
2.1304999999998377e-10	0.29167548	0.0573036	-0.9545597	359.97455	0	915506.6
2.1354999999998367e-10	0.29413247	0.05596298	-0.953889	359.82776	0	915726.44
2.1404999999998356e-10	0.29649878	0.054516915	-0.95324385	359.68134	0	915945.6
2.1454999999998345e-10	0.29877067	0.05297077	-0.95262533	359.60825	0	916055
2.1504999999998335e-10	0.30094457	0.051328663	-0.9520346	359.46237	0	916273.3
2.1554999999998324e-10	0.30301738	0.049597472	-0.95147264	359.31683	0	916491.06
2.1604999999998314e-10	0.30498618	0.047782812	-0.95094	359.2442	0	916599.7
2.1654999999998303e-10	0.30684823	0.045888994	-0.95043796	359.0992	0	916816.5
2.1704999999998293e-10	0.30860126	0.043923113	-0.94996685	358.95456	0	917032.75
2.1754999999998282e-10	0.3102432	0.04189092	-0.9495275	358.8824	0	917140.6
2.1804999999998272e-10	0.31177208	0.039796825	-0.9491205	358.73828	0	917355.94
2.1854999999998261e-10	0.3131865	0.03764801	-0.94874614	358.5945	0	917570.75
2.190499999999825e-10	0.3144852	0.035450254	-0.948405	358.52277	0	917677.9
2.195499999999824e-10	0.315667	0.033207975	-0.9480971	358.37955	0	917891.75
2.200499999999823e-10	0.31673133	0.03092833	-0.947823	358.23666	0	918105.06
2.205499999999822e-10	0.31767768	0.028617041	-0.94758266	358.16534	0	918211.5
2.210499999999821e-10	0.31850567	0.02627844	-0.9473761	358.02298	0	918423.94
2.2154999999998198e-10	0.31921554	0.023919534	-0.94720334	357.88098	0	918635.75
2.2204999999998188e-10	0.31980747	0.021545919	-0.9470643	357.81012	0	918741.44
2.2254999999998177e-10	0.32028183	0.019161731	-0.94695896	357.66864	0	918952.44
2.2304999999998167e-10	0.32063952	0.01677378	-0.9468869	357.5275	0	919162.9
2.2354999999998156e-10	0.32088155	0.014387417	-0.946848	357.45706	0	919267.8
2.2404999999998146e-10	0.32100886	0.012006526	-0.94684154	357.31644	0	919477.4
2.2454999999998135e-10	0.32102317	0.009637621	-0.9468674	357.17615	0	919686.4
2.2504999999998125e-10	0.320926	0.0072857267	-0.9469251	357.10614	0	919790.6
2.2554999999998114e-10	0.3207191	0.0049544103	-0.94701385	356.96637	0	919998.75
2.2604999999998104e-10	0.3204046	0.002649814	-0.94713306	356.82697	0	920206.3
2.2654999999998093e-10	0.31998485	0.0003765785	-0.9472822	356.7574	0	920309.9
2.2704999999998083e-10	0.31946194	-0.001862114	-0.9474605	356.61847	0	920516.6
2.2754999999998072e-10	0.31883878	-0.0040605757	-0.947667	356.4799	0	920722.75
2.2804999999998062e-10	0.3181181	-0.0062146056	-0.947901	356.41074	0	920825.6
2.285499999999805e-10	0.3173026	-0.0083214715	-0.94816154	356.27267	0	921030.94
2.290499999999804e-10	0.31639567	-0.010375986	-0.94844776	356.13495	0	921235.7
2.295499999999803e-10	0.3154005	-0.01237445	-0.9487586	356.06622	0	921337.8
2.300499999999802e-10	0.31432024	-0.014314619	-0.94909304	355.929	0	921541.75
2.305499999999801e-10	0.31315866	-0.01619187	-0.94945014	355.7921	0	921745.1
2.3104999999997999e-10	0.31191948	-0.018003045	-0.9498287	355.72382	0	921846.6
2.3154999999997988e-10	0.310606	-0.01974645	-0.9502275	355.58743	0	922049.1
2.3204999999997978e-10	0.30922258	-0.021418046	-0.9506456	355.4514	0	922251.1
2.3254999999997967e-10	0.30777305	-0.023015277	-0.95108163	355.38348	0	922351.94
2.3304999999997967e-10	0.30626118	-0.024537006	-0.9515346	355.24792	0	922553.06
2.335499999999798e-10	0.30469126	-0.025980335	-0.9520031	355.13522	0	922720.3
2.3404999999998e-10	0.3030675	-0.027343195	-0.95248604	355.02274	0	922887.2
2.3454999999998013e-10	0.30139422	-0.028623847	-0.9529821	354.9105	0	923053.6
2.350499999999803e-10	0.29967567	-0.029820757	-0.95349	354.79846	0	923219.75
2.3554999999998044e-10	0.29791617	-0.030932585	-0.9540085	354.68665	0	923385.5
2.360499999999806e-10	0.2961202	-0.031958234	-0.95453656	354.5751	0	923550.9
2.3654999999998074e-10	0.29429206	-0.0328968	-0.9550725	354.46375	0	923715.8
2.370499999999809e-10	0.29243624	-0.0337476	-0.95561534	354.35263	0	923880.44
2.3754999999998105e-10	0.29055706	-0.03451015	-0.9561635	354.24176	0	924044.7
2.380499999999812e-10	0.288659	-0.0351842	-0.9567162	354.13107	0	924208.56
2.3854999999998136e-10	0.2867464	-0.0357697	-0.9572718	354.02066	0	924372.06
2.390499999999815e-10	0.28482363	-0.0362668	-0.95782924	353.91043	0	924535.2
2.3954999999998166e-10	0.28289497	-0.036675863	-0.9583873	353.80045	0	924697.94
2.400499999999818e-10	0.2809647	-0.03699744	-0.95894474	353.6907	0	924860.3
2.4054999999998197e-10	0.27903706	-0.037232324	-0.9595005	353.58115	0	925022.3
2.410499999999821e-10	0.27711612	-0.03738146	-0.96005327	353.47186	0	925184
2.415499999999823e-10	0.27520603	-0.037445992	-0.96060205	353.36276	0	925345.3
2.4204999999998243e-10	0.27331066	-0.03742726	-0.9611457	353.25388	0	925506.25
2.425499999999826e-10	0.271434	-0.03732679	-0.96168303	353.14523	0	925666.8
2.4304999999998274e-10	0.2695798	-0.037146263	-0.9622132	353.03683	0	925827
2.435499999999829e-10	0.26775163	-0.036887553	-0.9627352	352.92862	0	925986.9
2.4404999999998304e-10	0.26595315	-0.036552675	-0.96324795	352.82065	0	926146.3
2.445499999999832e-10	0.26418772	-0.03614381	-0.9637507	352.71286	0	926305.44
2.4504999999998335e-10	0.26245865	-0.035663288	-0.9642425	352.60535	0	926464.25
2.455499999999835e-10	0.2607691	-0.035113584	-0.9647224	352.49802	0	926622.6
2.4604999999998366e-10	0.25912204	-0.034497295	-0.96518975	352.3909	0	926780.7
2.465499999999838e-10	0.25752032	-0.033817153	-0.96564376	352.28403	0	926938.4
2.4704999999998396e-10	0.25596666	-0.033076007	-0.96608377	352.17737	0	927095.7
2.475499999999841e-10	0.25446355	-0.032276798	-0.9665089	352.0709	0	927252.7
2.4804999999998427e-10	0.25301337	-0.031422578	-0.966919	351.96466	0	927409.3
2.485499999999844e-10	0.2516183	-0.030516496	-0.967313	351.85867	0	927565.6
2.490499999999846e-10	0.25028032	-0.029561752	-0.96769077	351.75287	0	927721.56
2.4954999999998473e-10	0.24900135	-0.028561654	-0.96805173	351.64728	0	927877.1
2.500499999999849e-10	0.24778299	-0.027519543	-0.9683955	351.5419	0	928032.4
2.5054999999998504e-10	0.24662668	-0.026438825	-0.9687216	351.43677	0	928187.25
2.510499999999852e-10	0.2455338	-0.02532294	-0.96903	351.33182	0	928341.75
2.5154999999998534e-10	0.24450544	-0.02417536	-0.9693202	351.22708	0	928495.94
2.520499999999855e-10	0.24354242	-0.022999581	-0.969592	351.1226	0	928649.8
2.5254999999998565e-10	0.24264555	-0.021799104	-0.96984524	351.01828	0	928803.25
2.530499999999858e-10	0.2418154	-0.020577446	-0.97008	350.9142	0	928956.44
2.5354999999998596e-10	0.24105234	-0.019338105	-0.97029597	350.81033	0	929109.25
2.540499999999861e-10	0.24035656	-0.018084563	-0.97049344	350.70667	0	929261.7
2.5454999999998626e-10	0.239728	-0.016820278	-0.9706722	350.6032	0	929413.8
2.550499999999864e-10	0.23916662	-0.015548678	-0.9708325	350.49997	0	929565.56
2.5554999999998657e-10	0.23867197	-0.01427314	-0.9709743	350.39694	0	929717
2.560499999999867e-10	0.23824364	-0.012996991	-0.97109795	350.29413	0	929868.1
2.565499999999869e-10	0.23788092	-0.011723499	-0.97120357	350.19153	0	930018.9
2.5704999999998703e-10	0.23758303	-0.0104558645	-0.9712914	350.08914	0	930169.25
2.575499999999872e-10	0.23734893	-0.009197209	-0.9713617	349.98694	0	930319.4
2.5804999999998734e-10	0.23717754	-0.007950573	-0.971415	349.88495	0	930469.06
2.585499999999875e-10	0.23706758	-0.006718905	-0.9714514	349.7832	0	930618.5
2.5904999999998764e-10	0.23701772	-0.0055050584	-0.97147167	349.68164	0	930767.56
2.595499999999878e-10	0.2370263	-0.0043117893	-0.97147584	349.58026	0	930916.3
2.6004999999998795e-10	0.23709176	-0.0031417364	-0.9714645	349.47913	0	931064.7
2.605499999999881e-10	0.2372123	-0.0019974334	-0.9714384	349.37817	0	931212.75
2.6104999999998826e-10	0.23738605	-0.0008812877	-0.9713979	349.27744	0	931360.5
2.615499999999884e-10	0.23761098	0.00020440895	-0.97134346	349.1769	0	931507.94
2.6204999999998856e-10	0.23788504	0.0012574942	-0.9712757	349.07657	0	931655
2.625499999999887e-10	0.23820607	0.0022759375	-0.97119546	348.97644	0	931801.75
2.6304999999998887e-10	0.23857184	0.0032578357	-0.9711031	348.87653	0	931948.2
2.63549999999989e-10	0.23897998	0.004201425	-0.97099906	348.77682	0	932094.25
2.640499999999892e-10	0.23942816	0.0051050796	-0.97088444	348.6773	0	932240
2.6454999999998933e-10	0.23991393	0.0059673106	-0.9707597	348.578	0	932385.44
2.650499999999895e-10	0.24043478	0.006786774	-0.97062546	348.47888	0	932530.56
2.6554999999998964e-10	0.24098821	0.0075622615	-0.9704826	348.37997	0	932675.4
2.660499999999898e-10	0.24157162	0.0082927095	-0.97033167	348.28128	0	932819.8
2.6654999999998994e-10	0.24218246	0.008977193	-0.9701733	348.18277	0	932963.94
2.670499999999901e-10	0.24281815	0.009614934	-0.97000825	348.08447	0	933107.75
2.6754999999999025e-10	0.24347602	0.010205292	-0.9698374	347.9864	0	933251.25
2.680499999999904e-10	0.2441535	0.010747762	-0.96966124	347.8885	0	933394.44
2.6854999999999056e-10	0.24484797	0.011241987	-0.96948045	347.79077	0	933537.3
2.690499999999907e-10	0.24555682	0.01168773	-0.9692959	347.6933	0	933679.8
2.6954999999999086e-10	0.24627744	0.012084899	-0.9691083	347.59598	0	933822.06
2.70049999999991e-10	0.24700731	0.012433525	-0.96891797	347.49887	0	933963.94
2.7054999999999117e-10	0.24774395	0.012733783	-0.96872604	347.40198	0	934105.5
2.710499999999913e-10	0.2484847	0.012985948	-0.9685328	347.30527	0	934246.75
2.715499999999915e-10	0.24922733	0.013190441	-0.9683393	347.20877	0	934387.75
2.7204999999999163e-10	0.24996926	0.0133477785	-0.9681458	347.11246	0	934528.4
2.725499999999918e-10	0.25070825	0.0134586105	-0.96795326	347.01633	0	934668.7
2.7304999999999194e-10	0.25144207	0.01352369	-0.96776193	346.9204	0	934808.7
2.735499999999921e-10	0.25216836	0.013543858	-0.9675726	346.82468	0	934948.4
2.7404999999999224e-10	0.25288507	0.01352008	-0.9673859	346.72916	0	935087.75
2.745499999999924e-10	0.25359008	0.0134534035	-0.96720225	346.63382	0	935226.8
2.7504999999999255e-10	0.25428137	0.013344974	-0.96702224	346.5387	0	935365.56
2.755499999999927e-10	0.25495705	0.013196023	-0.96684635	346.44373	0	935504.06
2.7604999999999286e-10	0.25561523	0.013007854	-0.966675	346.349	0	935642.2
2.76549999999993e-10	0.2562542	0.012781856	-0.9665088	346.25443	0	935780
2.7704999999999317e-10	0.2568723	0.012519485	-0.9663483	346.16006	0	935917.56
2.775499999999933e-10	0.25746793	0.012222267	-0.9661936	346.0659	0	936054.75
2.7804999999999347e-10	0.25803962	0.011891779	-0.96604526	345.97192	0	936191.7
2.785499999999936e-10	0.25858602	0.011529656	-0.9659036	345.8781	0	936328.25
2.790499999999938e-10	0.25910577	0.011137585	-0.9657688	345.78452	0	936464.56
2.7954999999999393e-10	0.25959778	0.010717296	-0.96564156	345.6911	0	936600.56
2.800499999999941e-10	0.2600609	0.010270552	-0.9655218	345.5979	0	936736.25
2.8054999999999424e-10	0.26049417	0.009799156	-0.96541	345.50488	0	936871.7
2.810499999999944e-10	0.26089665	0.009304931	-0.9653062	345.41205	0	937006.75
2.8154999999999455e-10	0.26126766	0.008789729	-0.9652108	345.3194	0	937141.56
2.820499999999947e-10	0.26160645	0.008255414	-0.9651238	345.22693	0	937276.06
2.8254999999999485e-10	0.26191247	0.0077038617	-0.9650456	345.13467	0	937410.25
2.83049999999995e-10	0.26218522	0.007136951	-0.96497595	345.04257	0	937544.1
2.8354999999999516e-10	0.2624243	0.006556575	-0.96491516	344.95068	0	937677.7
2.840499999999953e-10	0.26262945	0.0059646107	-0.9648633	344.85898	0	937811
2.8454999999999547e-10	0.2628005	0.005362932	-0.96482044	344.76746	0	937944
2.850499999999956e-10	0.26293734	0.0047533973	-0.9647864	344.67612	0	938076.7
2.8554999999999577e-10	0.26303998	0.004137848	-0.9647615	344.585	0	938209.1
2.860499999999959e-10	0.26310852	0.0035181043	-0.96474546	344.49402	0	938341.25
2.865499999999961e-10	0.26314318	0.0028959576	-0.9647382	344.40326	0	938473.06
2.8704999999999623e-10	0.26314422	0.002273168	-0.96473986	344.31265	0	938604.56
2.875499999999964e-10	0.26311195	0.0016514638	-0.96475005	344.22226	0	938735.8
2.8804999999999654e-10	0.2630469	0.0010325317	-0.9647688	344.13205	0	938866.75
2.885499999999967e-10	0.2629495	0.00041802292	-0.964796	344.042	0	938997.44
2.8904999999999685e-10	0.26282045	-0.00019046644	-0.9648315	343.95215	0	939127.75
2.89549999999997e-10	0.26266032	-0.00079138123	-0.964875	343.8625	0	939257.9
2.9004999999999715e-10	0.26246995	-0.0013832303	-0.9649263	343.773	0	939387.6
2.905499999999973e-10	0.2622501	-0.001964561	-0.9649853	343.6837	0	939517.1
2.9104999999999746e-10	0.2620017	-0.002533993	-0.96505165	343.59457	0	939646.3
2.915499999999976e-10	0.26172563	-0.0030901986	-0.96512526	343.50565	0	939775.25
2.9204999999999777e-10	0.26142284	-0.003631915	-0.9652056	343.41687	0	939903.9
2.925499999999979e-10	0.26109454	-0.0041579427	-0.9652925	343.3283	0	940032.25
2.9304999999999807e-10	0.2607417	-0.004667155	-0.96538585	343.2399	0	940160.3
2.9354999999999823e-10	0.26036552	-0.0051584914	-0.9654851	343.1517	0	940288.06
2.940499999999984e-10	0.25996718	-0.0056309565	-0.96559006	343.06366	0	940415.56
2.9454999999999853e-10	0.2595478	-0.0060836375	-0.9657003	342.9758	0	940542.75
2.950499999999987e-10	0.2591088	-0.006515686	-0.9658156	342.88812	0	940669.7
2.9554999999999884e-10	0.25865135	-0.006926322	-0.9659357	342.80063	0	940796.4
2.96049999999999e-10	0.25817683	-0.0073148496	-0.96606	342.71332	0	940922.75
2.9654999999999915e-10	0.25768653	-0.007680651	-0.9661884	342.62616	0	941048.8
2.970499999999993e-10	0.2571818	-0.008023174	-0.9663202	342.53918	0	941174.6
2.9754999999999945e-10	0.25666404	-0.008341943	-0.9664554	342.45242	0	941300.1
2.980499999999996e-10	0.25613454	-0.008636566	-0.9665936	342.3658	0	941425.4
2.9854999999999976e-10	0.2555948	-0.0089067165	-0.96673423	342.27936	0	941550.4
2.990499999999999e-10	0.25504613	-0.00915215	-0.96687704	342.1931	0	941675.06
2.9950000000000005e-10	0.25454575	-0.009351825	-0.9670073	342.10703	0	941799.5
3.000000000000002e-10	0.25398397	-0.009549878	-0.9671532	342.02112	0	941923.6
3.0050000000000036e-10	0.25341716	-0.009722901	-0.9673004	341.9354	0	942047.5
3.010000000000005e-10	0.25284678	-0.009870932	-0.9674483	341.84985	0	942171.06
3.0150000000000066e-10	0.2522742	-0.009994079	-0.96759677	341.76447	0	942294.44
3.020000000000008e-10	0.25170067	-0.010092514	-0.9677453	341.67926	0	942417.44
3.0250000000000097e-10	0.25112748	-0.010166474	-0.96789366	341.59424	0	942540.25
3.030000000000011e-10	0.25055587	-0.010216254	-0.9680414	341.50937	0	942662.75
3.035000000000013e-10	0.24998713	-0.010242214	-0.96818846	341.42468	0	942784.94
3.0400000000000143e-10	0.24942246	-0.010244789	-0.9683342	341.34018	0	942906.94
3.045000000000016e-10	0.24886303	-0.010224454	-0.9684786	341.25583	0	943028.6
3.0500000000000174e-10	0.24830998	-0.010181745	-0.96862125	341.17166	0	943150.06
3.055000000000019e-10	0.24776433	-0.010117254	-0.9687618	341.08768	0	943271.2
3.0600000000000205e-10	0.24722725	-0.010031619	-0.9689001	341.00385	0	943392.06
3.065000000000022e-10	0.24669962	-0.00992552	-0.9690358	340.9202	0	943512.7
3.0700000000000235e-10	0.24618246	-0.00979969	-0.9691687	340.8367	0	943633.06
3.075000000000025e-10	0.2456767	-0.009654904	-0.9692987	340.7534	0	943753.1
3.0800000000000266e-10	0.24518314	-0.00949197	-0.9694254	340.67026	0	943872.94
3.085000000000028e-10	0.24470264	-0.009311734	-0.96954864	340.58728	0	943992.5
3.0900000000000297e-10	0.2442359	-0.009115069	-0.9696684	340.5045	0	944111.8
3.095000000000031e-10	0.2437837	-0.008902884	-0.9697842	340.42184	0	944230.8
3.1000000000000327e-10	0.24334659	-0.008676112	-0.96989626	340.3394	0	944349.56
3.105000000000034e-10	0.24292521	-0.0084357085	-0.9700041	340.25708	0	944468.1
3.110000000000036e-10	0.24252012	-0.008182647	-0.97010773	340.17496	0	944586.3
3.1150000000000373e-10	0.24213172	-0.007917917	-0.97020704	340.093	0	944704.3
3.120000000000039e-10	0.24176046	-0.0076425266	-0.97030187	340.0112	0	944822.06
3.1250000000000404e-10	0.24140672	-0.007357488	-0.97039235	339.92957	0	944939.5
3.130000000000042e-10	0.24107078	-0.007063819	-0.970478	339.8481	0	945056.7
3.1350000000000435e-10	0.2407529	-0.006762549	-0.97055924	339.7668	0	945173.6
3.140000000000045e-10	0.24045324	-0.0064546955	-0.97063553	339.68567	0	945290.3
3.1450000000000465e-10	0.24017194	-0.006141284	-0.9707074	339.6047	0	945406.75
3.150000000000048e-10	0.2399091	-0.0058233314	-0.97077435	339.52393	0	945522.9
3.1550000000000496e-10	0.23966469	-0.005501848	-0.9708367	339.44327	0	945638.8
3.160000000000051e-10	0.23943876	-0.0051778266	-0.9708943	339.3628	0	945754.5
3.1650000000000527e-10	0.23923115	-0.0048522544	-0.9709472	339.2825	0	945869.9
3.170000000000054e-10	0.23904176	-0.0045260964	-0.97099537	339.20236	0	945985
3.1750000000000557e-10	0.2388704	-0.004200298	-0.97103906	339.12238	0	946099.94
3.1800000000000573e-10	0.23871684	-0.0038757885	-0.9710783	339.04257	0	946214.56
3.185000000000059e-10	0.23858076	-0.00355347	-0.9711129	338.96292	0	946328.94
3.1900000000000603e-10	0.23846188	-0.0032342193	-0.9711433	338.88342	0	946443.06
3.195000000000062e-10	0.23835984	-0.0029188846	-0.97116935	338.8041	0	946556.94
3.2000000000000634e-10	0.23827422	-0.0026082816	-0.9711911	338.7249	0	946670.56
3.205000000000065e-10	0.23820455	-0.0023032003	-0.97120905	338.64594	0	946783.94
3.2100000000000665e-10	0.23815036	-0.0020043952	-0.971223	338.56708	0	946897.1
3.215000000000068e-10	0.2381112	-0.0017125821	-0.9712331	338.4884	0	947010
3.2200000000000695e-10	0.23808639	-0.0014284457	-0.9712397	338.40988	0	947122.6
3.225000000000071e-10	0.23807545	-0.0011526301	-0.97124267	338.3315	0	947235
3.2300000000000726e-10	0.23807777	-0.0008857392	-0.97124237	338.25333	0	947347.1
3.235000000000074e-10	0.23809268	-0.00062834105	-0.9712389	338.17526	0	947459.06
3.2400000000000757e-10	0.23811953	-0.0003809606	-0.9712324	338.09738	0	947570.7
3.245000000000077e-10	0.23815769	-0.0001440802	-0.97122306	338.01965	0	947682.06
3.2500000000000787e-10	0.2382064	8.185752e-05	-0.9712112	337.9421	0	947793.25
3.2550000000000803e-10	0.23826502	0.0002964493	-0.97119665	337.8647	0	947904.1
3.260000000000082e-10	0.23833278	0.0004993398	-0.9711799	337.78745	0	948014.8
3.2650000000000833e-10	0.238409	0.0006902201	-0.97116107	337.71036	0	948125.25
3.270000000000085e-10	0.23849289	0.00086881156	-0.9711403	337.63342	0	948235.44
3.2750000000000864e-10	0.23858377	0.0010348877	-0.9711177	337.55664	0	948345.4
3.280000000000088e-10	0.2386808	0.0011882588	-0.9710938	337.48	0	948455.06
3.2850000000000895e-10	0.23878334	0.001328781	-0.97106826	337.40356	0	948564.5
3.290000000000091e-10	0.23889059	0.0014563501	-0.97104174	337.32724	0	948673.7
3.2950000000000925e-10	0.23900175	0.0015709058	-0.97101396	337.2511	0	948782.7
3.300000000000094e-10	0.2391162	0.0016724237	-0.97098565	337.1751	0	948891.44
3.3050000000000956e-10	0.2392332	0.0017609242	-0.9709566	337.09924	0	948999.94
3.310000000000097e-10	0.23935199	0.0018364565	-0.9709272	337.02356	0	949108.2
3.3150000000000987e-10	0.23947178	0.0018991167	-0.97089744	336.94803	0	949216.2
3.3200000000001e-10	0.23959197	0.0019490396	-0.9708676	336.87265	0	949324
3.3250000000001017e-10	0.23971185	0.0019863853	-0.97083795	336.79742	0	949431.5
3.3300000000001033e-10	0.23983082	0.0020113555	-0.9708085	336.72235	0	949538.8
3.335000000000105e-10	0.2399482	0.0020241803	-0.97077936	336.64743	0	949645.9
3.3400000000001063e-10	0.24006335	0.0020251223	-0.9707508	336.57266	0	949752.75
3.345000000000108e-10	0.24017566	0.002014473	-0.97072303	336.49805	0	949859.3
3.3500000000001094e-10	0.24028453	0.0019925553	-0.97069615	336.42358	0	949965.7
3.355000000000111e-10	0.24038945	0.0019597213	-0.9706702	336.34927	0	950071.9
3.3600000000001125e-10	0.24048994	0.0019163376	-0.9706453	336.27512	0	950177.75
3.365000000000114e-10	0.24058539	0.001862799	-0.9706217	336.2011	0	950283.44
3.3700000000001155e-10	0.24067545	0.001799525	-0.97059953	336.12726	0	950388.9
3.375000000000117e-10	0.24075955	0.0017269498	-0.97057873	336.05356	0	950494.06
3.3800000000001186e-10	0.24083732	0.0016455312	-0.97055954	335.98	0	950599.06
3.38500000000012e-10	0.24090841	0.0015557399	-0.970542	335.90662	0	950703.8
3.3900000000001217e-10	0.24097238	0.0014580615	-0.9705263	335.83334	0	950808.3
3.395000000000123e-10	0.24102901	0.0013529953	-0.9705123	335.76025	0	950912.6
3.400000000000125e-10	0.24107793	0.0012410496	-0.9705003	335.6873	0	951016.6
3.4050000000001263e-10	0.24111883	0.0011227443	-0.97049034	335.61447	0	951120.5
3.410000000000128e-10	0.24115162	0.000998606	-0.9704823	335.5418	0	951224.06
3.4150000000001293e-10	0.24117593	0.0008691666	-0.97047627	335.4693	0	951327.44
3.420000000000131e-10	0.2411917	0.00073496083	-0.9704725	335.39694	0	951430.6
3.4250000000001324e-10	0.24119875	0.00059653237	-0.97047096	335.32474	0	951533.56
3.430000000000134e-10	0.24119693	0.00045441292	-0.9704713	335.25266	0	951636.25
3.4350000000001355e-10	0.24118628	0.00030914595	-0.97047406	335.18076	0	951738.7
3.440000000000137e-10	0.24116658	0.00016126185	-0.9704791	335.10898	0	951840.94
3.4450000000001385e-10	0.2411379	1.1291685e-05	-0.9704861	335.03735	0	951943
3.45000000000014e-10	0.2411003	-0.00014023457	-0.97049546	334.96585	0	952044.8
3.4550000000001416e-10	0.24105367	-0.0002928029	-0.970507	334.89453	0	952146.4
3.460000000000143e-10	0.24099821	-0.00044590354	-0.9705207	334.82333	0	952247.75
3.4650000000001447e-10	0.24093397	-0.0005990368	-0.9705367	334.7523	0	952348.9
3.470000000000146e-10	0.24086098	-0.0007517138	-0.9705547	334.6814	0	952449.75
3.475000000000148e-10	0.24077947	-0.0009034607	-0.97057474	334.61063	0	952550.5
3.4800000000001493e-10	0.2406896	-0.0010538112	-0.97059685	334.54004	0	952650.94
3.485000000000151e-10	0.24059151	-0.0012023242	-0.970621	334.46957	0	952751.2
3.4900000000001524e-10	0.24048544	-0.0013485671	-0.9706472	334.39923	0	952851.25
3.495000000000154e-10	0.24037158	-0.0014921211	-0.97067523	334.32907	0	952951.06
3.5000000000001554e-10	0.24025029	-0.001632598	-0.970705	334.25903	0	953050.6
3.505000000000157e-10	0.24012166	-0.0017696153	-0.9707366	334.18912	0	953150
3.5100000000001585e-10	0.2399861	-0.0019028146	-0.97076994	334.1194	0	953249.2
3.51500000000016e-10	0.23984383	-0.002031856	-0.97080487	334.04977	0	953348.1
3.5200000000001616e-10	0.23969531	-0.0021564253	-0.97084117	333.98032	0	953446.9
3.525000000000163e-10	0.23954065	-0.0022762239	-0.9708792	333.91098	0	953545.4
3.5300000000001646e-10	0.2393804	-0.0023909726	-0.9709184	333.8418	0	953643.7
3.535000000000166e-10	0.23921476	-0.0025004244	-0.97095907	333.77277	0	953741.75
3.5400000000001677e-10	0.23904409	-0.0026043467	-0.97100085	333.70386	0	953839.6
3.545000000000169e-10	0.2388689	-0.0027025284	-0.97104377	333.6351	0	953937.25
3.550000000000171e-10	0.23868944	-0.0027947845	-0.97108763	333.56647	0	954034.75
3.5550000000001723e-10	0.23850602	-0.002880949	-0.9711324	333.498	0	954131.94
3.560000000000174e-10	0.23831923	-0.002960882	-0.9711781	333.42966	0	954228.94
3.5650000000001754e-10	0.23812939	-0.0030344718	-0.97122455	333.36145	0	954325.75
3.570000000000177e-10	0.23793681	-0.00310162	-0.9712716	333.2934	0	954422.4
3.5750000000001784e-10	0.23774184	-0.0031622504	-0.9713192	333.22546	0	954518.75
3.58000000000018e-10	0.23754492	-0.0032163123	-0.9713672	333.15768	0	954614.94
3.5850000000001815e-10	0.23734644	-0.0032637722	-0.97141564	333.09003	0	954710.9
3.590000000000183e-10	0.23714684	-0.003304624	-0.9714642	333.02252	0	954806.6
3.5950000000001846e-10	0.23694652	-0.0033388867	-0.971513	332.95517	0	954902.2
3.600000000000186e-10	0.23674577	-0.0033665944	-0.97156185	332.8879	0	954997.5
3.6050000000001876e-10	0.236545	-0.0033877976	-0.97161084	332.82083	0	955092.6
3.610000000000189e-10	0.23634453	-0.0034025733	-0.9716596	332.75388	0	955187.56
3.6150000000001907e-10	0.2361447	-0.003411009	-0.9717081	332.68704	0	955282.25
3.620000000000192e-10	0.23594587	-0.0034132113	-0.9717564	332.62036	0	955376.8
3.625000000000194e-10	0.23574832	-0.0034093098	-0.97180444	332.5538	0	955471.06
3.6300000000001953e-10	0.2355524	-0.0033994392	-0.97185194	332.4874	0	955565.2
3.635000000000197e-10	0.23535848	-0.0033837673	-0.97189915	332.4211	0	955659.06
3.6400000000001984e-10	0.23516688	-0.0033624622	-0.97194564	332.35498	0	955752.75
3.6450000000002e-10	0.23497786	-0.0033357167	-0.9719913	332.28897	0	955846.25
3.6500000000002014e-10	0.23479158	-0.0033037302	-0.9720367	332.22308	0	955939.5
3.655000000000203e-10	0.23460832	-0.00326671	-0.972081	332.15735	0	956032.56
3.6600000000002045e-10	0.23442835	-0.0032248797	-0.97212464	332.09174	0	956125.44
3.665000000000206e-10	0.23425195	-0.0031784754	-0.9721674	332.02628	0	956218.1
3.6700000000002076e-10	0.23407936	-0.0031277416	-0.97220904	331.96094	0	956310.6
3.675000000000209e-10	0.23391053	-0.0030729254	-0.97225	331.89572	0	956402.9
3.6800000000002106e-10	0.23374586	-0.0030142816	-0.9722897	331.83066	0	956494.94
3.685000000000212e-10	0.23358549	-0.0029520818	-0.97232854	331.76572	0	956586.8
3.6900000000002137e-10	0.23342948	-0.0028865966	-0.97236615	331.7009	0	956678.44
3.695000000000215e-10	0.23327795	-0.0028180883	-0.97240275	331.63623	0	956769.94
3.700000000000217e-10	0.23313116	-0.0027468435	-0.9724381	331.5717	0	956861.2
3.7050000000002183e-10	0.232989	-0.0026731386	-0.9724725	331.5073	0	956952.25
3.71000000000022e-10	0.23285165	-0.0025972528	-0.9725056	331.443	0	957043.1
3.7150000000002214e-10	0.23271927	-0.0025194723	-0.9725375	331.37885	0	957133.8
3.720000000000223e-10	0.23259167	-0.002440077	-0.9725683	331.31485	0	957224.25
3.7250000000002244e-10	0.2324691	-0.0023593449	-0.97259784	331.25095	0	957314.56
3.730000000000226e-10	0.2323515	-0.0022775528	-0.9726261	331.1872	0	957404.6
3.7350000000002275e-10	0.23223871	-0.002194974	-0.97265327	331.12357	0	957494.5
3.740000000000229e-10	0.23213094	-0.0021118813	-0.97267914	331.06006	0	957584.2
3.7450000000002306e-10	0.23202808	-0.0020285412	-0.97270393	330.9967	0	957673.7
3.750000000000232e-10	0.23193	-0.0019452118	-0.9727274	330.93347	0	957763
3.7550000000002336e-10	0.23183672	-0.0018621492	-0.9727498	330.87036	0	957852.1
3.760000000000235e-10	0.23174821	-0.0017795996	-0.9727711	330.80737	0	957941.06
3.7650000000002367e-10	0.23166424	-0.0016978049	-0.97279125	330.74454	0	958029.75
3.770000000000238e-10	0.23158485	-0.001616996	-0.9728103	330.6818	0	958118.3
3.77500000000024e-10	0.23150988	-0.0015373987	-0.9728284	330.6192	0	958206.6
3.7800000000002413e-10	0.23143914	-0.0014592274	-0.97284526	330.55673	0	958294.75
3.785000000000243e-10	0.23137258	-0.0013826849	-0.9728612	330.49442	0	958382.7
3.7900000000002444e-10	0.23131008	-0.0013079654	-0.9728761	330.4322	0	958470.5
3.795000000000246e-10	0.2312514	-0.001235257	-0.9728901	330.37012	0	958558.06
3.8000000000002474e-10	0.23119642	-0.0011647294	-0.97290325	330.30814	0	958645.44
3.805000000000249e-10	0.23114498	-0.0010965439	-0.9729157	330.2463	0	958732.6
3.8100000000002505e-10	0.23109697	-0.001030857	-0.9729272	330.1846	0	958819.6
3.815000000000252e-10	0.23105207	-0.00096780347	-0.9729378	330.12302	0	958906.44
3.8200000000002536e-10	0.23101012	-0.000907511	-0.9729479	330.06155	0	958993.06
3.825000000000255e-10	0.23097104	-0.0008500917	-0.9729572	330.00024	0	959079.5
3.8300000000002566e-10	0.2309346	-0.00079565705	-0.9729658	329.93903	0	959165.75
3.835000000000258e-10	0.23090066	-0.0007442954	-0.9729739	329.87796	0	959251.8
3.8400000000002597e-10	0.2308689	-0.00069608976	-0.9729815	329.817	0	959337.7
3.845000000000261e-10	0.23083904	-0.0006511012	-0.9729886	329.75616	0	959423.4
3.850000000000263e-10	0.23081097	-0.00060938444	-0.97299534	329.69547	0	959508.9
3.8550000000002643e-10	0.2307846	-0.00057098153	-0.97300154	329.6349	0	959594.2
3.860000000000266e-10	0.2307596	-0.0005359264	-0.9730073	329.57443	0	959679.3
3.8650000000002674e-10	0.2307359	-0.0005042385	-0.9730132	329.51407	0	959764.25
3.870000000000269e-10	0.23071325	-0.00047592795	-0.9730184	329.45386	0	959849
3.8750000000002704e-10	0.23069133	-0.00045098827	-0.9730238	329.39377	0	959933.6
3.880000000000272e-10	0.23067002	-0.0004294098	-0.97302884	329.3338	0	960018
3.8850000000002735e-10	0.2306492	-0.00041116975	-0.9730336	329.27396	0	960102.2
3.890000000000275e-10	0.23062868	-0.00039623305	-0.9730385	329.21423	0	960186.25
3.8950000000002766e-10	0.23060825	-0.0003845607	-0.97304344	329.15463	0	960270.06
3.900000000000278e-10	0.23058766	-0.00037609832	-0.9730482	329.09515	0	960353.75
3.9050000000002796e-10	0.23056674	-0.0003707801	-0.9730531	329.0358	0	960437.25
3.910000000000281e-10	0.23054531	-0.00036852623	-0.9730583	328.97656	0	960520.56
3.9150000000002827e-10	0.2305232	-0.00036925756	-0.9730636	328.91745	0	960603.7
3.920000000000284e-10	0.2305003	-0.00037288474	-0.9730689	328.85846	0	960686.6
3.925000000000286e-10	0.2304765	-0.0003793138	-0.97307444	328.7996	0	960769.4
3.9300000000002873e-10	0.23045161	-0.00038844062	-0.97308034	328.7408	0	960851.94
3.935000000000289e-10	0.23042542	-0.00040015246	-0.97308666	328.6822	0	960934.4
3.9400000000002904e-10	0.23039792	-0.00041433284	-0.97309315	328.6237	0	961016.6
3.945000000000292e-10	0.23036899	-0.00043086716	-0.9730998	328.56528	0	961098.6
3.9500000000002935e-10	0.2303384	-0.0004496215	-0.97310716	328.507	0	961180.5
3.955000000000295e-10	0.23030622	-0.00047046616	-0.97311467	328.44885	0	961262.25
3.9600000000002965e-10	0.2302724	-0.00049327384	-0.9731227	328.3908	0	961343.75
3.965000000000298e-10	0.23023675	-0.0005179141	-0.9731312	328.3329	0	961425.06
3.9700000000002996e-10	0.23019914	-0.00054424495	-0.97314	328.2751	0	961506.25
3.975000000000301e-10	0.23015961	-0.00057212677	-0.9731495	328.21738	0	961587.25
3.9800000000003027e-10	0.23011793	-0.0006014092	-0.97315913	328.15982	0	961668.06
3.985000000000304e-10	0.23007418	-0.00063194806	-0.9731696	328.1024	0	961748.7
3.9900000000003057e-10	0.23002832	-0.00066359754	-0.9731803	328.04504	0	961829.2
3.995000000000307e-10	0.22998036	-0.00069621566	-0.97319174	327.98782	0	961909.44
4.000000000000309e-10	0.22993036	-0.00072966417	-0.9732034	327.93073	0	961989.56
4.0050000000003103e-10	0.22987802	-0.0007637952	-0.97321576	327.87375	0	962069.5
4.010000000000312e-10	0.22982351	-0.0007984666	-0.9732286	327.81686	0	962149.3
4.0150000000003134e-10	0.2297668	-0.0008335345	-0.9732419	327.76013	0	962228.9
4.020000000000315e-10	0.2297078	-0.00086885877	-0.97325575	327.7035	0	962308.3
4.0250000000003165e-10	0.22964676	-0.0009042995	-0.97327024	327.64697	0	962387.56
4.030000000000318e-10	0.22958365	-0.00093973195	-0.973285	327.59058	0	962466.7
4.0350000000003195e-10	0.22951844	-0.00097502937	-0.97330046	327.53427	0	962545.56
4.040000000000321e-10	0.22945109	-0.0010100603	-0.97331625	327.47812	0	962624.3
4.0450000000003226e-10	0.22938175	-0.0010447056	-0.97333264	327.42206	0	962702.9
4.050000000000324e-10	0.22931041	-0.0010788415	-0.9733493	327.3661	0	962781.3
4.0550000000003257e-10	0.22923706	-0.0011123505	-0.97336656	327.31027	0	962859.56
4.060000000000327e-10	0.22916192	-0.0011451257	-0.9733842	327.25455	0	962937.6
4.0650000000003287e-10	0.22908512	-0.0011770669	-0.97340244	327.19894	0	963015.5
4.0700000000003303e-10	0.22900668	-0.001208082	-0.9734208	327.14346	0	963093.25
4.075000000000332e-10	0.22892654	-0.0012380788	-0.9734395	327.08807	0	963170.8
4.0800000000003333e-10	0.22884487	-0.0012669677	-0.97345865	327.03284	0	963248.2
4.085000000000335e-10	0.2287617	-0.0012946685	-0.97347826	326.97766	0	963325.44
4.0900000000003364e-10	0.22867706	-0.0013210981	-0.9734981	326.92264	0	963402.5
4.095000000000338e-10	0.22859125	-0.0013461928	-0.97351825	326.8677	0	963479.4
4.1000000000003395e-10	0.22850423	-0.0013698895	-0.9735387	326.8129	0	963556.1
4.105000000000341e-10	0.22841601	-0.0013921248	-0.9735593	326.75818	0	963632.7
4.1100000000003425e-10	0.2283269	-0.0014128528	-0.9735802	326.7036	0	963709.06
4.115000000000344e-10	0.22823691	-0.0014320303	-0.97360134	326.6491	0	963785.3
4.1200000000003456e-10	0.22814617	-0.0014496224	-0.97362256	326.59476	0	963861.4
4.125000000000347e-10	0.22805487	-0.0014656006	-0.9736439	326.5405	0	963937.25
4.1300000000003487e-10	0.22796297	-0.0014799439	-0.9736654	326.48636	0	964013
4.13500000000035e-10	0.2278706	-0.0014926323	-0.9736871	326.4323	0	964088.6
4.1400000000003517e-10	0.22777791	-0.0015036531	-0.9737087	326.3784	0	964164
4.1450000000003533e-10	0.22768494	-0.0015130054	-0.97373044	326.3246	0	964239.25
4.150000000000355e-10	0.22759184	-0.0015206848	-0.9737522	326.27087	0	964314.4
4.1550000000003563e-10	0.22749865	-0.0015266964	-0.97377396	326.2173	0	964389.3
4.160000000000358e-10	0.22740553	-0.0015310524	-0.9737958	326.1638	0	964464.06
4.1650000000003594e-10	0.2273125	-0.0015337712	-0.9738175	326.1104	0	964538.7
4.170000000000361e-10	0.22721964	-0.0015348692	-0.9738392	326.05713	0	964613.1
4.1750000000003625e-10	0.22712716	-0.001534374	-0.9738608	326.00397	0	964687.4
4.180000000000364e-10	0.22703506	-0.0015323173	-0.9738822	325.95093	0	964761.5
4.1850000000003655e-10	0.22694336	-0.0015287336	-0.97390366	325.89798	0	964835.5
4.190000000000367e-10	0.22685228	-0.0015236611	-0.9739248	325.84515	0	964909.3
4.1950000000003686e-10	0.22676182	-0.0015171395	-0.9739459	325.79242	0	964982.94
4.20000000000037e-10	0.22667201	-0.0015092171	-0.9739668	325.7398	0	965056.44
4.2050000000003717e-10	0.22658293	-0.0014999466	-0.97398764	325.6873	0	965129.75
4.210000000000373e-10	0.2264947	-0.0014893786	-0.97400814	325.6349	0	965202.94
4.2150000000003747e-10	0.22640741	-0.00147757	-0.9740285	325.58258	0	965275.94
4.218500000000376e-10	0.22634694	-0.0014684903	-0.97404265	325.55646	0	965312.4
