# t (s)	mx ()	my ()	mz ()	E_total (J)	J (A/m2)	T (K)
0	0	0	1	-6.810669e-17	0	300
4.0594647171260697e-13	0.15506259	-6.845517e-08	0.98788834	-6.975808e-17	-1.7985446e+07	300
4.0594647171260697e-13	0.15506259	-6.845517e-08	0.98788834	-6.975807e-17	-2.0228572e+07	300
1.2178394151378209e-12	0.15506256	-2.256642e-07	0.98788834	-6.9758087e-17	-2.0228572e+07	300
1.2178394151378209e-12	0.15506256	-2.256642e-07	0.98788834	-6.9758073e-17	-2.2751456e+07	300
2.8416253019882486e-12	0.15506256	-5.707838e-07	0.98788834	-6.975808e-17	-2.2751456e+07	300
2.8416253019882486e-12	0.15506256	-5.7078387e-07	0.98788834	-6.975808e-17	-2.5588992e+07	300
2.8416253019882486e-12	0.15506256	-5.707838e-07	0.98788834	-6.975808e-17	-2.5588992e+07	300
3.0416253019882485e-12	0.15506257	-6.170665e-07	0.98788834	-6.975807e-17	-2.5588992e+07	300
3.0416253019882485e-12	0.15506256	-6.170665e-07	0.98788834	-6.975807e-17	-2.878042e+07	300
3.4416253019882484e-12	0.15506259	-7.2028314e-07	0.98788834	-6.9758087e-17	-2.878042e+07	300
3.4416253019882484e-12	0.15506259	-7.2028314e-07	0.98788834	-6.975807e-17	-3.236988e+07	300
4.241625301988248e-12	0.15506263	-9.469363e-07	0.9878883	-6.975808e-17	-3.236988e+07	300
4.241625301988248e-12	0.15506262	-9.469363e-07	0.98788834	-6.975807e-17	-3.6407012e+07	300
5.841625301988248e-12	0.15506276	-1.4201548e-06	0.98788834	-6.975808e-17	-3.6407012e+07	300
5.841625301988248e-12	0.15506278	-1.4201548e-06	0.98788834	-6.9758073e-17	-4.0947644e+07	300
5.841625301988248e-12	0.15506276	-1.420155e-06	0.98788834	-6.9758073e-17	-4.0947644e+07	300
6.041625301988248e-12	0.1550628	-1.4827224e-06	0.98788834	-6.975808e-17	-4.0947644e+07	300
6.041625301988248e-12	0.1550628	-1.4827224e-06	0.9878883	-6.9758053e-17	-4.605458e+07	300
6.441625301988248e-12	0.15506285	-1.6237062e-06	0.98788834	-6.975808e-17	-4.605458e+07	300
6.441625301988248e-12	0.15506285	-1.6237062e-06	0.98788834	-6.975808e-17	-5.1798444e+07	300
7.2416253019882476e-12	0.15506297	-1.932497e-06	0.9878883	-6.9758053e-17	-5.1798444e+07	300
7.2416253019882476e-12	0.15506297	-1.932497e-06	0.9878883	-6.9758053e-17	-5.8258668e+07	300
8.841625301988248e-12	0.15506329	-2.5644108e-06	0.9878882	-6.975809e-17	-5.8258668e+07	300
8.841625301988248e-12	0.15506329	-2.5644108e-06	0.9878882	-6.975809e-17	-6.5524596e+07	300
8.841625301988248e-12	0.1550633	-2.5644108e-06	0.9878882	-6.975809e-17	-6.5524596e+07	300
9.041625301988248e-12	0.15506333	-2.6483356e-06	0.9878883	-6.9758087e-17	-6.5524596e+07	300
9.041625301988248e-12	0.15506335	-2.6483356e-06	0.9878882	-6.9758087e-17	-7.369672e+07	300
9.441625301988248e-12	0.15506345	-2.8404995e-06	0.9878882	-6.975807e-17	-7.369672e+07	300
9.441625301988248e-12	0.15506344	-2.8404997e-06	0.9878882	-6.975807e-17	-8.288804e+07	300
1.0241625301988248e-11	0.15506366	-3.2659752e-06	0.98788816	-6.975806e-17	-8.288804e+07	300
1.0241625301988248e-11	0.15506364	-3.2659752e-06	0.98788816	-6.975806e-17	-9.322569e+07	300
1.1841625301988247e-11	0.1550642	-4.141132e-06	0.987888	-6.975808e-17	-9.322569e+07	300
1.1841625301988247e-11	0.1550642	-4.141132e-06	0.987888	-6.9758073e-17	-1.0485261e+08	300
1.1841625301988247e-11	0.1550642	-4.141132e-06	0.987888	-6.9758073e-17	-1.0485261e+08	300
1.2041625301988247e-11	0.15506425	-4.2583542e-06	0.987888	-6.975808e-17	-1.0485261e+08	300
1.2041625301988247e-11	0.15506425	-4.2583542e-06	0.987888	-6.975808e-17	-1.1792961e+08	300
1.2441625301988247e-11	0.1550644	-4.5321185e-06	0.987888	-6.975808e-17	-1.1792961e+08	300
1.2441625301988247e-11	0.15506443	-4.532118e-06	0.987888	-6.9758073e-17	-1.3263752e+08	300
1.3241625301988247e-11	0.15506473	-5.1469633e-06	0.9878879	-6.975809e-17	-1.3263752e+08	300
1.3241625301988247e-11	0.15506473	-5.146963e-06	0.9878879	-6.975808e-17	-1.4917974e+08	300
1.457526725030514e-11	0.15506539	-6.2360923e-06	0.98788786	-6.9758073e-17	-1.4917974e+08	300
1.457526725030514e-11	0.15506539	-6.2360923e-06	0.98788786	-6.9758073e-17	-1.6778506e+08	300
1.590878128862905e-11	0.15506619	-7.3491037e-06	0.98788774	-6.9758073e-17	-1.6778506e+08	300
1.590878128862905e-11	0.15506619	-7.3491037e-06	0.98788774	-6.9758073e-17	-1.8871074e+08	300
1.70120105485339e-11	0.15506697	-8.300008e-06	0.9878876	-6.975808e-17	-1.8871074e+08	300
1.70120105485339e-11	0.15506697	-8.300008e-06	0.9878876	-6.975806e-17	-2.1224616e+08	300
1.794811879591815e-11	0.1550677	-9.167858e-06	0.98788744	-6.975808e-17	-2.1224616e+08	300
1.794811879591815e-11	0.15506771	-9.167858e-06	0.98788744	-6.975808e-17	-2.3871678e+08	300
1.886799621036745e-11	0.15506846	-1.0105729e-05	0.9878874	-6.975806e-17	-2.3871678e+08	300
1.886799621036745e-11	0.15506846	-1.0105729e-05	0.9878874	-6.9758087e-17	-2.6848867e+08	300
1.9825116741797517e-11	0.1550693	-1.1187208e-05	0.98788726	-6.975806e-17	-2.6848867e+08	300
1.9825116741797517e-11	0.15506932	-1.1187207e-05	0.9878873	-6.9758053e-17	-3.0197347e+08	300
2.0819502452389257e-11	0.15507029	-1.2433042e-05	0.987887	-6.9758087e-17	-3.0197347e+08	300
2.0819502452389257e-11	0.15507028	-1.2433042e-05	0.987887	-6.975808e-17	-3.396343e+08	300
2.184166842402295e-11	0.15507138	-1.385183e-05	0.9878869	-6.975808e-17	-3.396343e+08	300
2.184166842402295e-11	0.15507141	-1.385183e-05	0.9878869	-6.975808e-17	-3.8199184e+08	300
2.2879482753735854e-11	0.15507261	-1.5452151e-05	0.9878868	-6.975808e-17	-3.8199184e+08	300
2.2879482753735854e-11	0.15507261	-1.5452151e-05	0.9878868	-6.975808e-17	-4.296318e+08	300
2.3920282165879043e-11	0.15507397	-1.7240072e-05	0.9878865	-6.97581e-17	-4.296318e+08	300
2.3920282165879043e-11	0.15507397	-1.7240072e-05	0.9878865	-6.97581e-17	-4.8321296e+08	300
2.4957242832004405e-11	0.15507546	-1.9230785e-05	0.9878863	-6.975807e-17	-4.8321296e+08	300
2.4957242832004405e-11	0.15507546	-1.9230785e-05	0.9878863	-6.975807e-17	-5.434761e+08	300
2.598865304431222e-11	0.15507707	-2.145321e-05	0.987886	-6.975808e-17	-5.434761e+08	300
2.598865304431222e-11	0.15507708	-2.145321e-05	0.987886	-6.975808e-17	-6.112545e+08	300
2.701673201189387e-11	0.15507887	-2.3947461e-05	0.98788583	-6.975806e-17	-6.112545e+08	300
2.701673201189387e-11	0.15507887	-2.3947461e-05	0.98788583	-6.9758073e-17	-6.874853e+08	300
2.8043507292777857e-11	0.15508087	-2.6760128e-05	0.9878854	-6.9758073e-17	-6.874853e+08	300
2.8043507292777857e-11	0.15508087	-2.6760128e-05	0.9878855	-6.9758073e-17	-7.7322234e+08	300
2.9070280454346794e-11	0.15508306	-2.993729e-05	0.98788506	-6.9758073e-17	-7.7322234e+08	300
2.9070280454346794e-11	0.15508306	-2.993729e-05	0.98788506	-6.975806e-17	-8.6965094e+08	300
3.0097081602585734e-11	0.15508552	-3.3538305e-05	0.9878847	-6.975807e-17	-8.6965094e+08	300
3.0097081602585734e-11	0.15508552	-3.353831e-05	0.9878847	-6.975807e-17	-9.781042e+08	300
3.112393457242857e-11	0.15508826	-3.7608148e-05	0.98788416	-6.975804e-17	-9.781042e+08	300
3.112393457242857e-11	0.15508828	-3.7608148e-05	0.98788416	-6.975804e-17	-1.1000813e+09	300
3.215035208886234e-11	0.15509133	-4.2208092e-05	0.98788375	-6.975806e-17	-1.1000813e+09	300
3.215035208886234e-11	0.15509133	-4.2208092e-05	0.98788375	-6.975806e-17	-1.2372684e+09	300
3.317642137978404e-11	0.15509477	-4.7406204e-05	0.9878832	-6.9758053e-17	-1.2372684e+09	300
3.317642137978404e-11	0.15509477	-4.7406204e-05	0.9878832	-6.9758053e-17	-1.3915615e+09	300
3.420207737926791e-11	0.15509863	-5.3277512e-05	0.9878826	-6.9758053e-17	-1.3915615e+09	300
3.420207737926791e-11	0.15509865	-5.3277512e-05	0.9878826	-6.9758053e-17	-1.5650931e+09	300
3.5227455896568137e-11	0.15510297	-5.9905287e-05	0.987882	-6.9758053e-17	-1.5650931e+09	300
3.5227455896568137e-11	0.15510297	-5.9905287e-05	0.987882	-6.975804e-17	-1.7602615e+09	300
3.625236362799244e-11	0.15510789	-6.7383604e-05	0.9878812	-6.9758053e-17	-1.7602615e+09	300
3.625236362799244e-11	0.15510787	-6.7383604e-05	0.9878812	-6.975805e-17	-1.9797636e+09	300
3.727701899686002e-11	0.15511337	-7.58153e-05	0.9878803	-6.9758034e-17	-1.9797636e+09	300
3.727701899686002e-11	0.15511337	-7.58153e-05	0.9878803	-6.975806e-17	-2.2266322e+09	300
3.830106925482815e-11	0.15511957	-8.531691e-05	0.98787934	-6.975806e-17	-2.2266322e+09	300
3.830106925482815e-11	0.15511957	-8.531691e-05	0.98787934	-6.975806e-17	-2.5042778e+09	300
3.932414504500128e-11	0.15512654	-9.6013435e-05	0.98787826	-6.975805e-17	-2.5042778e+09	300
3.932414504500128e-11	0.15512654	-9.6013435e-05	0.98787826	-6.975805e-17	-2.8165358e+09	300
4.034628837324535e-11	0.15513441	-0.000108052904	0.98787695	-6.975805e-17	-2.8165358e+09	300
4.034628837324535e-11	0.1551344	-0.000108052904	0.98787695	-6.975805e-17	-3.167719e+09	300.00003
4.1368387338396184e-11	0.15514323	-0.00012161065	0.9878756	-6.975802e-17	-3.167719e+09	300.00003
4.1368387338396184e-11	0.15514323	-0.00012161065	0.9878756	-6.975802e-17	-3.5626767e+09	300.00003
4.239090592731359e-11	0.15515321	-0.00013687766	0.98787403	-6.975804e-17	-3.5626767e+09	300.00003
4.239090592731359e-11	0.1551532	-0.00013687766	0.98787403	-6.975805e-17	-4.0068623e+09	300.00003
4.3413131752081906e-11	0.15516442	-0.00015405423	0.98787224	-6.9758053e-17	-4.0068623e+09	300.00003
4.3413131752081906e-11	0.15516442	-0.00015405423	0.98787224	-6.9758053e-17	-4.506407e+09	300.00003
4.443459878753265e-11	0.15517707	-0.00017336279	0.9878703	-6.975807e-17	-4.506407e+09	300.00003
4.443459878753265e-11	0.15517706	-0.00017336282	0.9878703	-6.975803e-17	-5.0682045e+09	300.00003
4.54558391956411e-11	0.1551913	-0.00019508456	0.98786813	-6.975804e-17	-5.0682045e+09	300.00003
4.54558391956411e-11	0.1551913	-0.00019508456	0.98786813	-6.975803e-17	-5.7000064e+09	300.00006
4.647667820633139e-11	0.15520732	-0.00021950374	0.98786557	-6.975804e-17	-5.7000064e+09	300.00006
4.647667820633139e-11	0.15520732	-0.00021950375	0.98786557	-6.9758053e-17	-6.410526e+09	300.00006
4.7497947032502287e-11	0.15522538	-0.00024696824	0.9878627	-6.975806e-17	-6.410526e+09	300.00006
4.7497947032502287e-11	0.15522538	-0.00024696824	0.9878627	-6.9758034e-17	-7.209561e+09	300.0001
4.851906100055895e-11	0.15524568	-0.00027785244	0.9878594	-6.975803e-17	-7.209561e+09	300.0001
4.851906100055895e-11	0.15524568	-0.00027785244	0.9878594	-6.9758e-17	-8.108123e+09	300.00012
4.954020472551994e-11	0.15526854	-0.00031258102	0.9878559	-6.975803e-17	-8.108123e+09	300.00012
4.954020472551994e-11	0.15526854	-0.00031258102	0.9878559	-6.975803e-17	-9.118592e+09	300.00015
5.056132292687699e-11	0.15529424	-0.00035162282	0.9878518	-6.9758e-17	-9.118592e+09	300.00015
5.056132292687699e-11	0.15529424	-0.00035162282	0.9878518	-6.9757994e-17	-1.0254883e+10	300.00018
5.158199729760713e-11	0.15532318	-0.0003955037	0.9878473	-6.9758e-17	-1.0254883e+10	300.00018
5.158199729760713e-11	0.15532318	-0.00039550368	0.9878473	-6.9757994e-17	-1.1532633e+10	300.00024
5.260283987944697e-11	0.15535572	-0.00044484212	0.98784214	-6.975799e-17	-1.1532633e+10	300.00024
5.260283987944697e-11	0.15535572	-0.00044484212	0.98784214	-6.975796e-17	-1.2969418e+10	300.0003
5.362374861666415e-11	0.15539233	-0.0005003236	0.9878364	-6.9757934e-17	-1.2969418e+10	300.0003
5.362374861666415e-11	0.15539232	-0.0005003236	0.9878364	-6.9757974e-17	-1.4584986e+10	300.00037
5.464468028137174e-11	0.15543349	-0.0005626884	0.9878298	-6.9757974e-17	-1.4584986e+10	300.00037
5.464468028137174e-11	0.15543349	-0.0005626884	0.9878298	-6.975793e-17	-1.6401524e+10	300.00046
5.5665624253664384e-11	0.15547979	-0.0006328116	0.9878224	-6.9757934e-17	-1.6401524e+10	300.00046
5.5665624253664384e-11	0.15547979	-0.0006328116	0.9878224	-6.975789e-17	-1.844396e+10	300.00058
5.668657817984901e-11	0.15553188	-0.0007116505	0.9878142	-6.975787e-17	-1.844396e+10	300.00058
5.668657817984901e-11	0.15553187	-0.0007116505	0.9878142	-6.975786e-17	-2.0740297e+10	300.00076
5.770736884951965e-11	0.15559043	-0.00080027076	0.987805	-6.975782e-17	-2.0740297e+10	300.00076
5.770736884951965e-11	0.15559044	-0.00080027076	0.987805	-6.975778e-17	-2.3321977e+10	300.00095
5.872830642406728e-11	0.15565626	-0.00089991314	0.9877945	-6.975777e-17	-2.3321977e+10	300.00095
5.872830642406728e-11	0.15565626	-0.0008999131	0.9877945	-6.975772e-17	-2.622431e+10	300.0012
5.974919268751827e-11	0.15573032	-0.0010119424	0.9877828	-6.975768e-17	-2.622431e+10	300.0012
5.974919268751827e-11	0.1557303	-0.0010119423	0.9877828	-6.975764e-17	-2.9486936e+10	300.00153
6.076976638467358e-11	0.15581353	-0.0011378442	0.9877694	-6.97576e-17	-2.9486936e+10	300.00153
6.076976638467358e-11	0.15581353	-0.0011378442	0.9877694	-6.975755e-17	-3.3154347e+10	300.00192
6.17905997317168e-11	0.15590712	-0.0012794145	0.9877544	-6.97575e-17	-3.3154347e+10	300.00192
6.17905997317168e-11	0.15590712	-0.0012794144	0.9877544	-6.9757385e-17	-3.7276463e+10	300.0024
6.281097808196526e-11	0.15601231	-0.0014385015	0.98773766	-6.9757345e-17	-3.7276463e+10	300.0024
6.281097808196526e-11	0.15601231	-0.0014385015	0.9877376	-6.975721e-17	-4.190929e+10	300.00305
6.383149231534147e-11	0.15613058	-0.0016173667	0.9877187	-6.975717e-17	-4.190929e+10	300.00305
6.383149231534147e-11	0.15613058	-0.0016173667	0.9877187	-6.975697e-17	-4.7115616e+10	300.00388
6.485187296946722e-11	0.15626356	-0.0018184158	0.98769724	-6.9756895e-17	-4.7115616e+10	300.00388
6.485187296946722e-11	0.15626356	-0.0018184158	0.98769724	-6.975672e-17	-5.2965847e+10	300.00488
6.587285058998e-11	0.15641312	-0.0020445099	0.98767316	-6.975664e-17	-5.2965847e+10	300.00488
6.587285058998e-11	0.15641312	-0.00204451	0.98767316	-6.9756366e-17	-5.9538846e+10	300.0062
6.68938946416875e-11	0.15658128	-0.0022986168	0.9876459	-6.9756273e-17	-5.9538846e+10	300.0062
6.68938946416875e-11	0.15658128	-0.0022986168	0.987646	-6.9755876e-17	-6.6922955e+10	300.0078
6.791464422703437e-11	0.15677033	-0.0025841023	0.9876152	-6.975574e-17	-6.6922955e+10	300.0078
6.791464422703437e-11	0.15677035	-0.0025841026	0.9876152	-6.975533e-17	-7.521706e+10	300.0099
6.893545662656928e-11	0.15698287	-0.0029049008	0.98758054	-6.9755155e-17	-7.521706e+10	300.0099
6.893545662656928e-11	0.15698284	-0.0029049008	0.98758054	-6.975462e-17	-8.453176e+10	300.01248
6.995654495948085e-11	0.15722185	-0.00326542	0.9875414	-6.97544e-17	-8.453176e+10	300.01248
6.995654495948085e-11	0.15722184	-0.00326542	0.9875414	-6.975371e-17	-9.499071e+10	300.01578
7.097735975111393e-11	0.15749042	-0.003670298	0.9874972	-6.975343e-17	-9.499071e+10	300.01578
7.097735975111393e-11	0.15749042	-0.003670298	0.9874972	-6.9752554e-17	-1.0673205e+11	300.01993
7.19982007616861e-11	0.1577923	-0.0041250647	0.98744714	-6.975221e-17	-1.0673205e+11	300.01993
7.19982007616861e-11	0.1577923	-0.0041250647	0.98744714	-6.975112e-17	-1.1990993e+11	300.02515
7.301937301239993e-11	0.15813172	-0.0046359263	0.9873905	-6.975069e-17	-1.1990993e+11	300.02515
7.301937301239993e-11	0.15813172	-0.0046359263	0.9873905	-6.974931e-17	-1.3469622e+11	300.03177
7.404069084534872e-11	0.15851322	-0.005209559	0.98732644	-6.974876e-17	-1.3469622e+11	300.03177
7.404069084534872e-11	0.15851322	-0.0052095596	0.98732644	-6.974701e-17	-1.5128235e+11	300.0401
7.506173756241411e-11	0.15894184	-0.0058533084	0.9872539	-6.974631e-17	-1.5128235e+11	300.0401
7.506173756241411e-11	0.15894184	-0.0058533084	0.9872539	-6.974413e-17	-1.6988124e+11	300.05063
7.60826620807576e-11	0.15942332	-0.0065756897	0.9871717	-6.974322e-17	-1.6988124e+11	300.05063
7.60826620807576e-11	0.15942332	-0.0065756897	0.9871717	-6.974045e-17	-1.9072936e+11	300.06387
7.710366142304256e-11	0.15996425	-0.007386271	0.9870785	-6.973934e-17	-1.9072936e+11	300.06387
7.710366142304256e-11	0.15996426	-0.007386271	0.9870785	-6.9735865e-17	-2.1408893e+11	300.08057
7.812493922441768e-11	0.16057204	-0.008295704	0.98697245	-6.9734456e-17	-2.1408893e+11	300.08057
7.812493922441768e-11	0.16057204	-0.008295704	0.98697245	-6.9730035e-17	-2.4025018e+11	300.1016
7.914622666857266e-11	0.16125464	-0.009315448	0.986852	-6.972827e-17	-2.4025018e+11	300.1016
7.914622666857266e-11	0.16125463	-0.009315448	0.986852	-6.972275e-17	-2.6953364e+11	300.12805
8.01675075117938e-11	0.16202109	-0.010458423	0.9867149	-6.9720526e-17	-2.6953364e+11	300.12805
8.01675075117938e-11	0.1620211	-0.010458421	0.9867149	-6.971355e-17	-3.0229247e+11	300.16135
8.118885124057258e-11	0.16288158	-0.011739102	0.9865587	-6.9710745e-17	-3.0229247e+11	300.16135
8.118885124057258e-11	0.16288157	-0.011739103	0.98655874	-6.970203e-17	-3.389147e+11	300.2032
8.220996107583144e-11	0.16384704	-0.0131730335	0.9863806	-6.9698496e-17	-3.389147e+11	300.2032
8.220996107583144e-11	0.16384704	-0.0131730335	0.9863806	-6.968753e-17	-3.798253e+11	300.25574
8.323124496448108e-11	0.16493045	-0.014778412	0.98617715	-6.968305e-17	-3.798253e+11	300.25574
8.323124496448108e-11	0.16493045	-0.014778412	0.98617715	-6.966934e-17	-4.2548793e+11	300.32166
8.425247158693896e-11	0.16614553	-0.016574321	0.9859444	-6.966375e-17	-4.2548793e+11	300.32166
8.425247158693896e-11	0.16614553	-0.016574321	0.9859444	-6.9646516e-17	-4.7640648e+11	300.40433
8.52737899233639e-11	0.16750795	-0.018582435	0.98567784	-6.96395e-17	-4.7640648e+11	300.40433
8.52737899233639e-11	0.16750795	-0.018582433	0.98567784	-6.9617975e-17	-5.3312576e+11	300.50784
8.629495689978925e-11	0.16903457	-0.020825755	0.98537225	-6.960918e-17	-5.3312576e+11	300.50784
8.629495689978925e-11	0.16903457	-0.020825757	0.9853722	-6.9582254e-17	-5.9623145e+11	300.63733
8.731610075641419e-11	0.17074451	-0.023330325	0.985021	-6.957122e-17	-5.9623145e+11	300.63733
8.731610075641419e-11	0.17074451	-0.023330325	0.985021	-6.953763e-17	-6.6634895e+11	300.79904
8.833729923340986e-11	0.17265888	-0.02612444	0.9846168	-6.9523875e-17	-6.6634895e+11	300.79904
8.833729923340986e-11	0.17265888	-0.02612444	0.9846168	-6.948195e-17	-7.441407e+11	301.0007
8.935852264327463e-11	0.17480072	-0.029238654	0.9841509	-6.946477e-17	-7.441407e+11	301.0007
8.935852264327463e-11	0.17480072	-0.029238654	0.9841509	-6.941267e-17	-8.303019e+11	301.25177
9.037945140388475e-11	0.17719442	-0.032705165	0.98361325	-6.9391255e-17	-8.303019e+11	301.25177
9.037945140388475e-11	0.17719442	-0.032705165	0.98361325	-6.9326596e-17	-9.255535e+11	301.5637
9.140069935623513e-11	0.179869	-0.03656193	0.98299134	-6.929994e-17	-9.255535e+11	301.5637
9.140069935623513e-11	0.17986898	-0.03656193	0.9829913	-6.9219896e-17	-1.0306327e+12	301.95047
9.242168304973343e-11	0.18285277	-0.040845323	0.9822714	-6.9186816e-17	-1.0306327e+12	301.95047
9.242168304973343e-11	0.18285277	-0.040845327	0.98227143	-6.908789e-17	-1.1462796e+12	302.4289
9.344232911515902e-11	0.18617742	-0.045596365	0.9814368	-6.904695e-17	-1.1462796e+12	302.4289
9.344232911515902e-11	0.1861774	-0.045596365	0.9814368	-6.892509e-17	-1.2732207e+12	303.01907
9.446315865265674e-11	0.18987896	-0.05086157	0.9804677	-6.8874505e-17	-1.2732207e+12	303.01907
9.446315865265674e-11	0.18987894	-0.05086157	0.9804677	-6.8724945e-17	-1.4121464e+12	303.74503
9.548390663903715e-11	0.19399309	-0.05668641	0.97934127	-6.8662615e-17	-1.4121464e+12	303.74503
9.548390663903715e-11	0.19399309	-0.05668641	0.97934127	-6.8479676e-17	-1.563685e+12	304.63504
9.650519132149325e-11	0.19856113	-0.0631239	0.9780301	-6.840303e-17	-1.563685e+12	304.63504
9.650519132149325e-11	0.19856113	-0.0631239	0.9780301	-6.818019e-17	-1.7283691e+12	305.72232
9.752573261006897e-11	0.20361674	-0.07021786	0.9765045	-6.8086434e-17	-1.7283691e+12	305.72232
9.752573261006897e-11	0.20361674	-0.07021786	0.97650445	-6.781623e-17	-1.9065977e+12	307.0452
9.85458073247384e-11	0.20920041	-0.0780244	0.9747285	-6.770192e-17	-1.9065977e+12	307.0452
9.85458073247384e-11	0.20920041	-0.0780244	0.9747285	-6.7375846e-17	-2.0985912e+12	308.6477
9.956522887496815e-11	0.2153502	-0.0865987	0.9726612	-6.723714e-17	-2.0985912e+12	308.6477
9.956522887496815e-11	0.21535018	-0.0865987	0.9726612	-6.6845895e-17	-2.3043417e+12	310.57953
1.005847230457525e-10	0.22210866	-0.09600564	0.97025305	-6.667823e-17	-2.3043417e+12	310.57953
1.005847230457525e-10	0.22210865	-0.09600564	0.9702531	-6.621159e-17	-2.523558e+12	312.89597
1.0160339623795583e-10	0.22950506	-0.10629774	0.96745205	-6.6010065e-17	-2.523558e+12	312.89597
1.0160339623795583e-10	0.22950505	-0.10629774	0.96745205	-6.545736e-17	-2.7556087e+12	315.65747
1.0262164088000914e-10	0.23757204	-0.11754147	0.96419525	-6.521647e-17	-2.7556087e+12	315.65747
1.0262164088000914e-10	0.23757204	-0.117541455	0.9641953	-6.4566734e-17	-2.9994637e+12	318.92856
1.0363905229934074e-10	0.2463294	-0.12979652	0.96041465	-6.428061e-17	-2.9994637e+12	318.92856
1.0363905229934074e-10	0.2463294	-0.12979652	0.96041465	-6.3523024e-17	-3.2536414e+12	322.77655
1.0465535712687077e-10	0.25578737	-0.14312512	0.9560338	-6.318558e-17	-3.2536414e+12	322.77655
1.0465535712687077e-10	0.25578737	-0.14312512	0.9560338	-6.2310225e-17	-3.516161e+12	327.2692
1.0567082805055187e-10	0.2659489	-0.1575973	0.9509661	-6.1914985e-17	-3.516161e+12	327.2692
1.0567082805055187e-10	0.2659489	-0.1575973	0.9509661	-6.091351e-17	-3.78451e+12	332.472
1.0668503203939736e-10	0.2767944	-0.17327362	0.94511956	-6.045442e-17	-3.78451e+12	332.472
1.0668503203939736e-10	0.2767944	-0.17327362	0.94511956	-5.932095e-17	-4.055631e+12	338.44464
1.0769794444056764e-10	0.28828934	-0.19021916	0.9383929	-5.879224e-17	-4.055631e+12	338.44464
1.0769794444056764e-10	0.28828934	-0.19021916	0.9383929	-5.752426e-17	-4.3259312e+12	345.23694
1.0870856639539682e-10	0.30036458	-0.20847961	0.93068546	-5.6921574e-17	-4.3259312e+12	345.23694
1.0870856639539682e-10	0.30036458	-0.20847961	0.9306854	-5.5520846e-17	-4.591327e+12	352.88437
1.0971601492094353e-10	0.31292477	-0.22809494	0.921894	-5.484123e-17	-4.591327e+12	352.88437
1.0971601492094353e-10	0.31292477	-0.22809494	0.921894	-5.3314696e-17	-4.8473215e+12	361.4034
1.1072100310840034e-10	0.32586813	-0.24912468	0.91189975	-5.2555946e-17	-4.8473215e+12	361.4034
1.1072100310840034e-10	0.32586813	-0.24912468	0.91189975	-5.091614e-17	-5.089119e+12	370.78735
1.1172317464994018e-10	0.33905292	-0.27159104	0.9005935	-5.0078877e-17	-5.089119e+12	370.78735
1.1172317464994018e-10	0.33905292	-0.27159104	0.9005935	-4.834433e-17	-5.3117777e+12	381.00262
1.1272076248887585e-10	0.35229	-0.29546025	0.8878913	-4.743328e-17	-5.3117777e+12	381.00262
1.1272076248887585e-10	0.35229	-0.29546025	0.8878913	-4.5627987e-17	-5.510393e+12	391.98648
1.137145244946285e-10	0.3654004	-0.3207251	0.8736925	-4.4648662e-17	-5.510393e+12	391.98648
1.137145244946285e-10	0.3654004	-0.3207251	0.8736925	-4.2801448e-17	-5.6803034e+12	403.6463
1.1470298947946872e-10	0.37815863	-0.34728312	0.85794574	-4.1764505e-17	-5.6803034e+12	403.6463
1.1470298947946872e-10	0.37815863	-0.34728312	0.85794574	-3.9907554e-17	-5.817307e+12	415.86105
1.1568507749853922e-10	0.3903365	-0.3749932	0.84062666	-3.8826412e-17	-5.817307e+12	415.86105
1.1568507749853922e-10	0.39033648	-0.3749932	0.84062666	-3.69934e-17	-5.917873e+12	428.48456
1.166612636350397e-10	0.4017306	-0.40370443	0.82171845	-3.5882228e-17	-5.917873e+12	428.48456
1.166612636350397e-10	0.4017306	-0.40370443	0.82171845	-3.410633e-17	-5.9793264e+12	441.35126
1.1762927801934488e-10	0.41212466	-0.43313307	0.8012994	-3.298417e-17	-5.9793264e+12	441.35126
1.1762927801934488e-10	0.41212466	-0.4331331	0.8012994	-3.129578e-17	-6e+12	454.2831
1.1858964348667886e-10	0.42136908	-0.46302882	0.77943933	-3.0179172e-17	-6e+12	454.2831
1.1858964348667886e-10	0.42136902	-0.46302882	0.77943933	-2.860409e-17	-5.9793264e+12	467.09827
1.195420528588791e-10	0.42935294	-0.49307597	0.75626916	-2.7510216e-17	-5.9793264e+12	467.09827
1.195420528588791e-10	0.42935294	-0.49307597	0.75626916	-2.606819e-17	-5.917873e+12	479.61942
1.2048596802653607e-10	0.4360214	-0.522926	0.7319692	-2.5013052e-17	-5.917873e+12	479.61942
1.2048596802653607e-10	0.4360214	-0.522926	0.7319692	-2.3716937e-17	-5.817307e+12	491.68237
1.2141945814268836e-10	0.44137534	-0.5521816	0.70679563	-2.2715693e-17	-5.817307e+12	491.68237
1.2141945814268836e-10	0.44137534	-0.5521816	0.70679563	-2.1571238e-17	-5.6803034e+12	503.143
1.223450775795771e-10	0.44550464	-0.5805977	0.6809098	-2.0631263e-17	-5.6803034e+12	503.143
1.223450775795771e-10	0.44550464	-0.5805977	0.6809099	-1.9637948e-17	-5.510393e+12	513.8828
1.2326168942120679e-10	0.44853193	-0.6078426	0.6545845	-1.876743e-17	-5.510393e+12	513.8828
1.2326168942120679e-10	0.4485319	-0.6078426	0.6545845	-1.7919235e-17	-5.3117777e+12	523.81213
1.2416937896181975e-10	0.45062828	-0.6336697	0.6280593	-1.7121955e-17	-5.3117777e+12	523.81213
1.2416937896181975e-10	0.4506283	-0.6336697	0.6280593	-1.6408716e-17	-5.089119e+12	532.87164
1.250694367842541e-10	0.45199376	-0.6579188	0.6015253	-1.5684721e-17	-5.089119e+12	532.87164
1.250694367842541e-10	0.4519938	-0.6579188	0.6015253	-1.509363e-17	-4.8473215e+12	541.03107
1.2596138368161557e-10	0.45283538	-0.6804388	0.575202	-1.4442264e-17	-4.8473215e+12	541.03107
1.2596138368161557e-10	0.45283538	-0.6804388	0.575202	-1.3958989e-17	-4.591327e+12	548.2873
1.268459160086446e-10	0.45335835	-0.70116806	0.5492444	-1.3376965e-17	-4.591327e+12	548.2873
1.268459160086446e-10	0.45335835	-0.70116806	0.5492444	-1.2986851e-17	-4.3259312e+12	554.66034
1.2772337601683251e-10	0.45375162	-0.72008723	0.523783	-1.247001e-17	-4.3259312e+12	554.66034
1.2772337601683251e-10	0.45375162	-0.7200872	0.523783	-1.215891e-17	-4.055631e+12	560.189
1.2859539974015952e-10	0.45418006	-0.7372463	0.49887586	-1.1701761e-17	-4.055631e+12	560.189
1.2859539974015952e-10	0.45418012	-0.7372463	0.49887586	-1.1456587e-17	-3.78451e+12	564.92645
1.2946189572353232e-10	0.4547783	-0.7526922	0.47459698	-1.10543664e-17	-3.78451e+12	564.92645
1.2946189572353232e-10	0.4547783	-0.75269216	0.47459698	-1.08633795e-17	-3.516161e+12	568.9353
1.3032395214229854e-10	0.45565063	-0.7665194	0.45095718	-1.0510719e-17	-3.516161e+12	568.9353
1.3032395214229854e-10	0.45565063	-0.7665194	0.45095718	-1.03637145e-17	-3.2536414e+12	572.28375
1.3118246054464126e-10	0.45687073	-0.7788326	0.4279473	-1.005556e-17	-3.2536414e+12	572.28375
1.3118246054464126e-10	0.4568707	-0.7788326	0.4279473	-9.943831e-18	-2.9994637e+12	575.0421
1.3203868023981822e-10	0.45848492	-0.78974867	0.40552872	-9.675358e-18	-2.9994637e+12	575.0421
1.3203868023981822e-10	0.45848492	-0.78974867	0.40552872	-9.591624e-18	-2.7556087e+12	577.27985
1.328924000404025e-10	0.4605124	-0.7993688	0.38368547	-9.358813e-18	-2.7556087e+12	577.27985
1.328924000404025e-10	0.4605124	-0.7993688	0.38368547	-9.29708e-18	-2.523558e+12	579.0634
1.337433222238969e-10	0.46295047	-0.8077959	0.36239076	-9.096188e-18	-2.523558e+12	579.0634
1.337433222238969e-10	0.46295047	-0.8077959	0.36239076	-9.05157e-18	-2.3043417e+12	580.45496
1.3459232874239118e-10	0.4657821	-0.815143	0.34158	-8.878896e-18	-2.3043417e+12	580.45496
1.3459232874239118e-10	0.46578208	-0.815143	0.34158	-8.847486e-18	-2.0985912e+12	581.51117
1.3544110206809718e-10	0.46898	-0.821521	0.32116595	-8.699582e-18	-2.0985912e+12	581.51117
1.3544110206809718e-10	0.46898	-0.821521	0.32116595	-8.6782595e-18	-1.9065977e+12	582.283
1.362901433932849e-10	0.47250286	-0.8270225	0.30108905	-8.552277e-18	-1.9065977e+12	582.283
1.362901433932849e-10	0.4725029	-0.8270225	0.30108905	-8.5385975e-18	-1.7283691e+12	582.81555
1.371379625376958e-10	0.47629356	-0.8317225	0.28133616	-8.432231e-18	-1.7283691e+12	582.81555
1.371379625376958e-10	0.47629356	-0.8317225	0.28133616	-8.424278e-18	-1.563685e+12	583.148
1.379856481786134e-10	0.480301	-0.8357055	0.26183462	-8.335105e-18	-1.563685e+12	583.148
1.379856481786134e-10	0.48030102	-0.8357055	0.26183462	-8.331395e-18	-1.4121464e+12	583.3143
1.3883369268706398e-10	0.48446822	-0.8390453	0.2425288	-8.257346e-18	-1.4121464e+12	583.3143
1.3883369268706398e-10	0.48446822	-0.8390453	0.2425288	-8.2567415e-18	-1.2732207e+12	583.34326
1.3968184498338665e-10	0.48873326	-0.84180564	0.22338313	-8.196035e-18	-1.2732207e+12	583.34326
1.3968184498338665e-10	0.48873323	-0.8418056	0.22338314	-8.19767e-18	-1.1462796e+12	583.2594
1.4053017964517905e-10	0.49303555	-0.8440465	0.20435819	-8.148691e-18	-1.1462796e+12	583.2594
1.4053017964517905e-10	0.49303555	-0.8440465	0.20435819	-8.1519146e-18	-1.0306327e+12	583.0834
1.413790042656545e-10	0.49731636	-0.84582305	0.18541309	-8.1132265e-18	-1.0306327e+12	583.0834
1.413790042656545e-10	0.49731636	-0.84582305	0.18541309	-8.117552e-18	-9.255535e+11	582.8322
1.4222770995744145e-10	0.501514	-0.8471838	0.16653113	-8.087919e-18	-9.255535e+11	582.8322
1.4222770995744145e-10	0.501514	-0.8471838	0.16653113	-8.0929895e-18	-8.303019e+11	582.52014
1.4307784409116963e-10	0.5055791	-0.84817606	0.14765133	-8.071258e-18	-8.303019e+11	582.52014
1.4307784409116963e-10	0.5055791	-0.84817606	0.14765133	-8.076817e-18	-7.441407e+11	582.15894
1.439288193573204e-10	0.5094535	-0.84883934	0.12876359	-8.062042e-18	-7.441407e+11	582.15894
1.439288193573204e-10	0.5094535	-0.84883934	0.12876359	-8.0679086e-18	-6.6634895e+11	581.7582
1.4478035581247367e-10	0.5130837	-0.84921086	0.10985413	-8.059251e-18	-6.6634895e+11	581.7582
1.4478035581247367e-10	0.51308364	-0.84921086	0.10985413	-8.065305e-18	-5.9623145e+11	581.3257
1.45631945768166e-10	0.51641846	-0.8493242	0.090917125	-8.062036e-18	-5.9623145e+11	581.3257
1.45631945768166e-10	0.51641846	-0.8493242	0.090917125	-8.068195e-18	-5.3312576e+11	580.868
1.464845369709257e-10	0.5194151	-0.84921044	0.07191706	-8.069672e-18	-5.3312576e+11	580.868
1.464845369709257e-10	0.519415	-0.84921044	0.07191706	-8.0758975e-18	-4.7640648e+11	580.3901
1.4733724567878564e-10	0.5220265	-0.848897	0.052861527	-8.081576e-18	-4.7640648e+11	580.3901
1.4733724567878564e-10	0.5220265	-0.848897	0.052861527	-8.087848e-18	-4.2548793e+11	579.8963
1.4819019436342566e-10	0.5242125	-0.84840894	0.03373787	-8.097263e-18	-4.2548793e+11	579.8963
1.4819019436342566e-10	0.5242125	-0.84840894	0.03373787	-8.103581e-18	-3.798253e+11	579.39
1.4904259535191754e-10	0.525934	-0.84776884	0.014555727	-8.116325e-18	-3.798253e+11	579.39
1.4904259535191754e-10	0.52593404	-0.8477688	0.014555727	-8.122709e-18	-3.389147e+11	578.87396
1.4989532015533189e-10	0.5271579	-0.8469955	-0.0047108857	-8.138464e-18	-3.389147e+11	578.87396
1.4989532015533189e-10	0.5271579	-0.8469955	-0.0047108857	-8.144941e-18	-3.0229247e+11	578.35034
1.5074848778021258e-10	0.52785105	-0.8461051	-0.024069684	-8.1634355e-18	-3.0229247e+11	578.35034
1.5074848778021258e-10	0.527851	-0.84610516	-0.024069684	-8.1700406e-18	-2.6953364e+11	577.82086
1.5160167223884464e-10	0.5279823	-0.8451123	-0.043514743	-8.1910485e-18	-2.6953364e+11	577.82086
1.5160167223884464e-10	0.52798223	-0.8451123	-0.043514743	-8.197825e-18	-2.4025018e+11	577.287
1.5245537365797045e-10	0.52752286	-0.84402776	-0.063060105	-8.22118e-18	-2.4025018e+11	577.287
1.5245537365797045e-10	0.5275229	-0.84402776	-0.06306011	-8.228177e-18	-2.1408893e+11	576.74976
1.5330954462003306e-10	0.5264456	-0.84286	-0.082706414	-8.253746e-18	-2.1408893e+11	576.74976
1.5330954462003306e-10	0.5264457	-0.84286	-0.082706414	-8.261014e-18	-1.9072936e+11	576.21014
1.5416405664520734e-10	0.5247255	-0.84161484	-0.102451496	-8.288695e-18	-1.9072936e+11	576.21014
1.5416405664520734e-10	0.52472556	-0.84161484	-0.10245149	-8.29629e-18	-1.6988124e+11	575.6689
1.550195735108681e-10	0.522337	-0.84029496	-0.12231076	-8.326037e-18	-1.6988124e+11	575.6689
1.550195735108681e-10	0.52233696	-0.84029496	-0.12231076	-8.3340176e-18	-1.5128235e+11	575.1265
1.558761093549796e-10	0.51925683	-0.83889997	-0.14228392	-8.365797e-18	-1.5128235e+11	575.1265
1.558761093549796e-10	0.5192568	-0.8388999	-0.14228392	-8.374222e-18	-1.3469622e+11	574.58344
1.56732779980785e-10	0.51546746	-0.83742917	-0.1623489	-8.407987e-18	-1.3469622e+11	574.58344
1.56732779980785e-10	0.51546746	-0.8374292	-0.1623489	-8.4169184e-18	-1.1990993e+11	574.0401
1.575903477171738e-10	0.51094675	-0.8358759	-0.18252134	-8.452709e-18	-1.1990993e+11	574.0401
1.575903477171738e-10	0.51094675	-0.8358759	-0.18252134	-8.462209e-18	-1.0673205e+11	573.49677
1.5844885340974325e-10	0.5056761	-0.8342315	-0.20279941	-8.500053e-18	-1.0673205e+11	573.49677
1.5844885340974325e-10	0.5056761	-0.8342315	-0.2027994	-8.510188e-18	-9.499071e+10	572.9536
1.593084502774373e-10	0.49963742	-0.8324841	-0.22318311	-8.550139e-18	-9.499071e+10	572.9536
1.593084502774373e-10	0.49963745	-0.8324841	-0.22318311	-8.560975e-18	-8.453176e+10	572.4109
1.6016868295803273e-10	0.492819	-0.8306203	-0.24365734	-8.603073e-18	-8.453176e+10	572.4109
1.6016868295803273e-10	0.49281898	-0.8306203	-0.24365734	-8.614673e-18	-7.521706e+10	571.8687
1.610295406137596e-10	0.48520812	-0.8286222	-0.26421657	-8.658985e-18	-7.521706e+10	571.8687
1.610295406137596e-10	0.48520815	-0.8286222	-0.26421657	-8.67142e-18	-6.6922955e+10	571.32715
1.6189035054575289e-10	0.47680092	-0.82647085	-0.28483856	-8.717991e-18	-6.6922955e+10	571.32715
1.6189035054575289e-10	0.47680092	-0.82647085	-0.28483856	-8.731325e-18	-5.9538846e+10	570.7863
1.6275122757233203e-10	0.46758887	-0.8241422	-0.30551898	-8.78024e-18	-5.9538846e+10	570.7863
1.6275122757233203e-10	0.46758887	-0.8241422	-0.30551898	-8.794543e-18	-5.2965847e+10	570.24634
1.636129258105798e-10	0.45755765	-0.8216072	-0.32626793	-8.845938e-18	-5.2965847e+10	570.24634
1.636129258105798e-10	0.45755768	-0.8216072	-0.32626793	-8.8612765e-18	-4.7115616e+10	569.7072
1.6447410060992022e-10	0.4467197	-0.8188399	-0.34704387	-8.915165e-18	-4.7115616e+10	569.7072
1.6447410060992022e-10	0.4467197	-0.8188399	-0.34704387	-8.931605e-18	-4.190929e+10	569.16895
1.6533553160802335e-10	0.4350652	-0.81580496	-0.36785558	-8.988129e-18	-4.190929e+10	569.16895
1.6533553160802335e-10	0.4350652	-0.81580496	-0.36785558	-9.005733e-18	-3.7276463e+10	568.63165
1.661971490886901e-10	0.42259696	-0.81246644	-0.38869008	-9.0649805e-18	-3.7276463e+10	568.63165
1.661971490886901e-10	0.42259696	-0.81246644	-0.38869008	-9.083819e-18	-3.3154347e+10	568.09534
1.6705843727188508e-10	0.40932798	-0.8087878	-0.40952232	-9.145846e-18	-3.3154347e+10	568.09534
1.6705843727188508e-10	0.40932798	-0.8087878	-0.40952232	-9.165984e-18	-2.9486936e+10	567.56
1.6791853978591248e-10	0.39528218	-0.804732	-0.43031812	-9.230807e-18	-2.9486936e+10	567.56
1.6791853978591248e-10	0.39528215	-0.804732	-0.43031812	-9.252301e-18	-2.622431e+10	567.0257
1.6877851485320955e-10	0.38045603	-0.8002512	-0.451088	-9.320082e-18	-2.622431e+10	567.0257
1.6877851485320955e-10	0.38045603	-0.8002512	-0.451088	-9.343003e-18	-2.3321977e+10	566.4924
1.696382283664033e-10	0.36486822	-0.79530007	-0.47181278	-9.4138e-18	-2.3321977e+10	566.4924
1.696382283664033e-10	0.36486822	-0.79530007	-0.47181278	-9.438202e-18	-2.0740297e+10	565.9601
1.704974667365058e-10	0.34854352	-0.78983223	-0.49246973	-9.512059e-18	-2.0740297e+10	565.9601
1.704974667365058e-10	0.3485435	-0.78983223	-0.49246973	-9.538005e-18	-1.844396e+10	565.42883
1.7135634012963504e-10	0.3315051	-0.78379774	-0.51304275	-9.614989e-18	-1.844396e+10	565.42883
1.7135634012963504e-10	0.33150506	-0.78379774	-0.51304275	-9.6425205e-18	-1.6401524e+10	564.89856
1.722152465601654e-10	0.3137743	-0.7771426	-0.5335212	-9.7227066e-18	-1.6401524e+10	564.89856
1.722152465601654e-10	0.3137743	-0.7771426	-0.5335212	-9.751898e-18	-1.4584986e+10	564.3694
1.7307390104967176e-10	0.29539108	-0.7698165	-0.5538767	-9.835299e-18	-1.4584986e+10	564.3694
1.7307390104967176e-10	0.29539108	-0.7698165	-0.5538767	-9.866188e-18	-1.2969418e+10	563.84125
1.7393313185591968e-10	0.27637637	-0.7617589	-0.574106	-9.952903e-18	-1.2969418e+10	563.84125
1.7393313185591968e-10	0.27637637	-0.761759	-0.5741059	-9.985532e-18	-1.1532633e+10	563.31415
1.7479144280834195e-10	0.25680795	-0.7529309	-0.59414953	-1.007542e-17	-1.1532633e+10	563.31415
1.7479144280834195e-10	0.25680798	-0.7529309	-0.5941495	-1.0109835e-17	-1.0254883e+10	562.7881
1.756499040829833e-10	0.23671216	-0.7432692	-0.6140072	-1.02029875e-17	-1.0254883e+10	562.7881
1.756499040829833e-10	0.23671216	-0.7432692	-0.6140072	-1.0239238e-17	-9.118592e+09	562.26306
1.7650833955458277e-10	0.21614867	-0.7327235	-0.6336479	-1.03356184e-17	-9.118592e+09	562.26306
1.7650833955458277e-10	0.21614864	-0.7327235	-0.63364786	-1.0373729e-17	-8.108123e+09	561.7391
1.7736698729024426e-10	0.19517317	-0.72123986	-0.65304905	-1.0473323e-17	-8.108123e+09	561.7391
1.7736698729024426e-10	0.19517317	-0.72123986	-0.65304905	-1.0513323e-17	-7.209561e+09	561.2161
1.7822561223189917e-10	0.17385882	-0.70877254	-0.67217624	-1.06160476e-17	-7.209561e+09	561.2161
1.7822561223189917e-10	0.17385882	-0.7087726	-0.67217624	-1.0657966e-17	-6.410526e+09	560.6942
1.790835516806547e-10	0.15229566	-0.6952868	-0.6909851	-1.0763669e-17	-6.410526e+09	560.6942
1.790835516806547e-10	0.15229566	-0.6952868	-0.6909851	-1.080751e-17	-5.7000064e+09	560.1734
1.799405079493612e-10	0.13057072	-0.68074816	-0.7094391	-1.0916058e-17	-5.7000064e+09	560.1734
1.799405079493612e-10	0.13057071	-0.68074816	-0.7094391	-1.09618455e-17	-5.0682045e+09	559.65356
1.8079706672461273e-10	0.10875367	-0.6651117	-0.72752017	-1.1073208e-17	-5.0682045e+09	559.65356
1.8079706672461273e-10	0.10875366	-0.6651117	-0.7275201	-1.1120939e-17	-4.506407e+09	559.13477
1.8165288229032497e-10	0.08694278	-0.6483531	-0.7451896	-1.1234928e-17	-4.506407e+09	559.13477
1.8165288229032497e-10	0.08694277	-0.6483531	-0.7451896	-1.12846204e-17	-4.0068623e+09	558.61707
1.825073028226723e-10	0.06524846	-0.6304626	-0.7624033	-1.1401024e-17	-4.0068623e+09	558.61707
1.825073028226723e-10	0.06524846	-0.6304626	-0.7624033	-1.1452632e-17	-3.5626767e+09	558.10034
1.833616707529009e-10	0.043734595	-0.6113942	-0.77915674	-1.15714825e-17	-3.5626767e+09	558.10034
1.833616707529009e-10	0.043734595	-0.6113943	-0.77915674	-1.1625024e-17	-3.167719e+09	557.58466
1.8421584949478104e-10	0.022506598	-0.59113806	-0.79541487	-1.1746128e-17	-3.167719e+09	557.58466
1.8421584949478104e-10	0.022506598	-0.59113806	-0.79541487	-1.1801547e-17	-2.8165358e+09	557.07
1.8506893306449115e-10	0.0016915239	-0.5697122	-0.811129	-1.19246316e-17	-2.8165358e+09	557.07
1.8506893306449115e-10	0.0016915239	-0.5697122	-0.8111289	-1.1981922e-17	-2.5042778e+09	556.5564
1.8592253099868658e-10	-0.018642496	-0.54707974	-0.8262973	-1.2107025e-17	-2.5042778e+09	556.5564
1.8592253099868658e-10	-0.018642496	-0.54707974	-0.8262972	-1.2166166e-17	-2.2266322e+09	556.04376
1.8677482562741823e-10	-0.03834344	-0.523301	-0.8408566	-1.2292826e-17	-2.2266322e+09	556.04376
1.8677482562741823e-10	-0.03834344	-0.523301	-0.8408566	-1.2353733e-17	-1.9797636e+09	555.5322
1.8762732961946996e-10	-0.057337046	-0.4983561	-0.8548032	-1.24820066e-17	-1.9797636e+09	555.5322
1.8762732961946996e-10	-0.057337046	-0.4983561	-0.8548032	-1.25446556e-17	-1.7602615e+09	555.02167
1.8847973197186692e-10	-0.07550575	-0.47228324	-0.86810213	-1.267428e-17	-1.7602615e+09	555.02167
1.8847973197186692e-10	-0.07550575	-0.47228324	-0.86810213	-1.2738598e-17	-1.5650931e+09	554.51215
1.8933161041114673e-10	-0.09273195	-0.44513556	-0.8807188	-1.2869323e-17	-1.5650931e+09	554.51215
1.8933161041114673e-10	-0.09273195	-0.4451356	-0.8807188	-1.29352585e-17	-1.3915615e+09	554.0036
1.901828590260816e-10	-0.10890804	-0.4169672	-0.8926263	-1.3066868e-17	-1.3915615e+09	554.0036
1.901828590260816e-10	-0.10890804	-0.41696718	-0.8926263	-1.3134324e-17	-1.2372684e+09	553.4961
1.9103437024457853e-10	-0.123947166	-0.38780776	-0.90381193	-1.3266758e-17	-1.2372684e+09	553.4961
1.9103437024457853e-10	-0.12394717	-0.38780776	-0.90381193	-1.3335689e-17	-1.1000813e+09	552.9896
1.9188578611974523e-10	-0.13774222	-0.3577374	-0.9142474	-1.3468686e-17	-1.1000813e+09	552.9896
1.9188578611974523e-10	-0.13774222	-0.3577374	-0.9142474	-1.3538991e-17	-9.781042e+08	552.48413
1.927368934967033e-10	-0.15019533	-0.32684207	-0.9239091	-1.3672332e-17	-9.781042e+08	552.48413
1.927368934967033e-10	-0.15019535	-0.32684207	-0.9239091	-1.3743906e-17	-8.6965094e+08	551.9797
1.935881894472249e-10	-0.16122499	-0.29519054	-0.93278414	-1.3877483e-17	-8.6965094e+08	551.9797
1.935881894472249e-10	-0.16122499	-0.29519054	-0.93278414	-1.3950249e-17	-7.7322234e+08	551.47626
1.9443942809335104e-10	-0.1707457	-0.26288715	-0.9408534	-1.4083834e-17	-7.7322234e+08	551.47626
1.9443942809335104e-10	-0.17074573	-0.26288718	-0.9408534	-1.4157684e-17	-6.874853e+08	550.97375
1.952910685327292e-10	-0.17868796	-0.2300176	-0.94810694	-1.429119e-17	-6.874853e+08	550.97375
1.952910685327292e-10	-0.17868796	-0.2300176	-0.94810694	-1.4366018e-17	-6.112545e+08	550.47235
1.9614314893243985e-10	-0.18498507	-0.1966904	-0.9545333	-1.449926e-17	-6.112545e+08	550.47235
1.9614314893243985e-10	-0.18498507	-0.1966904	-0.9545333	-1.4574964e-17	-5.434761e+08	549.97186
1.969953729155828e-10	-0.18957838	-0.16303389	-0.9601216	-1.4707735e-17	-5.434761e+08	549.97186
1.969953729155828e-10	-0.18957837	-0.16303389	-0.9601216	-1.4784199e-17	-4.8321296e+08	549.4725
1.9784783555627955e-10	-0.19242325	-0.1291667	-0.9648677	-1.4916378e-17	-4.8321296e+08	549.4725
1.9784783555627955e-10	-0.19242325	-0.1291667	-0.9648677	-1.4993489e-17	-4.296318e+08	548.974
1.9870076087022722e-10	-0.19348556	-0.09520669	-0.9687708	-1.5124958e-17	-4.296318e+08	548.974
1.9870076087022722e-10	-0.19348556	-0.09520669	-0.9687708	-1.520257e-17	-3.8199184e+08	548.47656
1.9955380274919246e-10	-0.19274224	-0.061297562	-0.97183114	-1.5333148e-17	-3.8199184e+08	548.47656
1.9955380274919246e-10	-0.19274226	-0.061297562	-0.97183114	-1.5411172e-17	-3.396343e+08	547.9801
2.0040723434035476e-10	-0.19018278	-0.027560374	-0.9740546	-1.5540752e-17	-3.396343e+08	547.9801
2.0040723434035476e-10	-0.19018276	-0.027560372	-0.9740546	-1.5619087e-17	-3.0197347e+08	547.4846
2.0126102191323578e-10	-0.18580854	0.005870903	-0.97544944	-1.5747553e-17	-3.0197347e+08	547.4846
2.0126102191323578e-10	-0.18580854	0.005870903	-0.97544944	-1.5826068e-17	-2.6848867e+08	546.9902
2.021154483937901e-10	-0.17963101	0.03887511	-0.97602797	-1.5953341e-17	-2.6848867e+08	546.9902
2.021154483937901e-10	-0.179631	0.03887511	-0.97602797	-1.603192e-17	-2.3871678e+08	546.49664
2.0297027370344685e-10	-0.1716769	0.071312584	-0.9758049	-1.6157875e-17	-2.3871678e+08	546.49664
2.0297027370344685e-10	-0.1716769	0.07131258	-0.9758049	-1.623642e-17	-2.1224616e+08	546.00415
2.0382582435320835e-10	-0.16197994	0.10306833	-0.97479814	-1.6361004e-17	-2.1224616e+08	546.00415
2.0382582435320835e-10	-0.16197994	0.10306833	-0.97479814	-1.6439376e-17	-1.8871074e+08	545.51263
2.0468231902874242e-10	-0.15058434	0.13402668	-0.9730281	-1.6562536e-17	-1.8871074e+08	545.51263
2.0468231902874242e-10	-0.15058434	0.13402668	-0.9730281	-1.6640662e-17	-1.6778506e+08	545.0221
2.0553933839788857e-10	-0.13755384	0.16405447	-0.9705199	-1.6762251e-17	-1.6778506e+08	545.0221
2.0553933839788857e-10	-0.13755384	0.16405447	-0.9705199	-1.6840008e-17	-1.4917974e+08	544.53253
2.0639720459357767e-10	-0.12295238	0.19305162	-0.96729946	-1.6959993e-17	-1.4917974e+08	544.53253
2.0639720459357767e-10	-0.12295238	0.19305162	-0.96729946	-1.7037277e-17	-1.3263752e+08	544.044
2.0725537014653442e-10	-0.10686796	0.22089645	-0.96339905	-1.7155514e-17	-1.3263752e+08	544.044
2.0725537014653442e-10	-0.10686796	0.22089645	-0.96339905	-1.7232255e-17	-1.1792961e+08	543.5564
2.0811459035995306e-10	-0.08937294	0.2475182	-0.9588474	-1.73488e-17	-1.1792961e+08	543.5564
2.0811459035995306e-10	-0.08937295	0.2475182	-0.9588474	-1.7424902e-17	-1.0485261e+08	543.06976
2.089745101187646e-10	-0.070567444	0.27281907	-0.9536805	-1.753962e-17	-1.0485261e+08	543.06976
2.089745101187646e-10	-0.070567444	0.27281907	-0.9536805	-1.761501e-17	-9.322569e+07	542.5841
2.0983460402036602e-10	-0.050563924	0.2967084	-0.9479383	-1.7727799e-17	-9.322569e+07	542.5841
2.0983460402036602e-10	-0.050563924	0.2967084	-0.94793826	-1.780238e-17	-8.288804e+07	542.0994
2.1069587242564362e-10	-0.029444082	0.31914794	-0.9416518	-1.7913326e-17	-8.288804e+07	542.0994
2.1069587242564362e-10	-0.029444082	0.31914794	-0.9416518	-1.798706e-17	-7.369672e+07	541.6157
2.1155915799920814e-10	-0.0072929114	0.34009913	-0.93485254	-1.8096189e-17	-7.369672e+07	541.6157
2.1155915799920814e-10	-0.0072929114	0.34009913	-0.93485254	-1.8168994e-17	-6.5524596e+07	541.13293
2.1242291569454705e-10	0.015739996	0.35947582	-0.9275922	-1.8276099e-17	-6.5524596e+07	541.13293
2.1242291569454705e-10	0.015739996	0.3594758	-0.9275922	-1.8347935e-17	-5.8258668e+07	540.6512
2.1328754346610426e-10	0.03955183	0.37725216	-0.9199083	-1.8453006e-17	-5.8258668e+07	540.6512
2.1328754346610426e-10	0.03955183	0.37725216	-0.9199083	-1.8523838e-17	-5.1798444e+07	540.17035
2.1415316075368124e-10	0.06403267	0.3934044	-0.91184103	-1.8626835e-17	-5.1798444e+07	540.17035
2.1415316075368124e-10	0.06403267	0.39340436	-0.91184103	-1.8696608e-17	-4.605458e+07	539.6905
2.1501977249393177e-10	0.089070015	0.40791613	-0.90343165	-1.8797537e-17	-4.605458e+07	539.6905
2.1501977249393177e-10	0.089070015	0.40791613	-0.90343165	-1.8866225e-17	-4.0947644e+07	539.2116
2.1588730999948332e-10	0.1145506	0.4207793	-0.8947222	-1.8965011e-17	-4.0947644e+07	539.2116
2.1588730999948332e-10	0.1145506	0.4207793	-0.8947223	-1.9032577e-17	-3.6407012e+07	538.73364
2.1675632954942337e-10	0.14038193	0.43200302	-0.88574815	-1.9129296e-17	-3.6407012e+07	538.73364
2.1675632954942337e-10	0.14038193	0.43200302	-0.88574815	-1.91957e-17	-3.236988e+07	538.25665
2.1762600798194042e-10	0.1664336	0.44158658	-0.87655836	-1.9290229e-17	-3.236988e+07	538.25665
2.1762600798194042e-10	0.16643362	0.44158658	-0.87655836	-1.9355475e-17	-2.878042e+07	537.78064
2.184969247943248e-10	0.1926206	0.44955492	-0.86718696	-1.9447835e-17	-2.878042e+07	537.78064
2.184969247943248e-10	0.1926206	0.44955492	-0.86718696	-1.9511937e-17	-2.5588992e+07	537.30554
2.1936860435694967e-10	0.21883065	0.455929	-0.85767823	-1.960207e-17	-2.5588992e+07	537.30554
2.1936860435694967e-10	0.21883065	0.455929	-0.85767823	-1.966501e-17	-2.2751456e+07	536.8314
2.2024137380829408e-10	0.24498029	0.4607434	-0.8480668	-1.9752934e-17	-2.2751456e+07	536.8314
2.2024137380829408e-10	0.24498029	0.4607434	-0.8480668	-1.981471e-17	-2.0228572e+07	536.3582
2.2111458692034806e-10	0.2709623	0.46403316	-0.8383971	-1.9900389e-17	-2.0228572e+07	536.3582
2.2111458692034806e-10	0.2709623	0.46403316	-0.8383971	-1.9960983e-17	-1.7985446e+07	535.886
2.2198832371926342e-10	0.29669696	0.46584353	-0.8287041	-2.0044413e-17	-1.7985446e+07	535.886
2.2198832371926342e-10	0.29669693	0.46584353	-0.8287041	-2.2912357e-17	0	513.4384
2.228632079902945e-10	0.3252013	0.46342677	-0.81939524	-2.3014115e-17	0	513.4384
2.2376316307154976e-10	0.35376644	0.45925018	-0.80993915	-2.3114945e-17	0	513.4384
2.246706848551121e-10	0.381715	0.45340556	-0.8005661	-2.321276e-17	0	513.4384
2.2557706949478787e-10	0.40869945	0.44603646	-0.79140514	-2.3306707e-17	0	513.4384
2.2647926401651155e-10	0.43457767	0.43728474	-0.78251976	-2.3396587e-17	0	513.4384
2.2737822883934004e-10	0.45934	0.42725962	-0.7739291	-2.348267e-17	0	513.4384
2.282768450401819e-10	0.48303166	0.41603512	-0.7656325	-2.3565376e-17	0	513.4384
2.2917562034817648e-10	0.505634	0.40370074	-0.7576514	-2.3644878e-17	0	513.4384
2.300752282563958e-10	0.5271369	0.39033797	-0.7500039	-2.3721351e-17	0	513.4384
2.3097658997847753e-10	0.5475385	0.37601814	-0.74270546	-2.3794993e-17	0	513.4384
2.3187870273310734e-10	0.56679803	0.36083925	-0.73578507	-2.386588e-17	0	513.4384
2.319883237192634e-10	0.56905895	0.35894105	-0.73497117	-2.3874304e-17	0	513.4384
2.319883237192634e-10	0.56905895	0.35894105	-0.7349712	-2.610137e-17	0	493.12708
2.3220756569157555e-10	0.57396513	0.35418478	-0.73346806	-2.6123724e-17	0	493.12708
2.3264604963619981e-10	0.5835047	0.3445161	-0.7305506	-2.6167778e-17	0	493.12708
2.3352301752544835e-10	0.6014903	0.32459685	-0.7250786	-2.6253497e-17	0	493.12708
2.345209867410697e-10	0.6201831	0.30108607	-0.7194562	-2.6347363e-17	0	493.12708
2.3552506386662344e-10	0.63708794	0.2766535	-0.71446764	-2.6438138e-17	0	493.12708
2.364846910445914e-10	0.6514695	0.2526897	-0.7103413	-2.6521775e-17	0	493.12708
2.37404269541432e-10	0.66363424	0.22926183	-0.70698607	-2.6599303e-17	0	493.12708
2.3830953504705957e-10	0.6740762	0.20584048	-0.70426345	-2.6673357e-17	0	493.12708
2.3921802987873914e-10	0.6830396	0.18205783	-0.7021155	-2.6745648e-17	0	493.12708
2.401335321090035e-10	0.6905509	0.15788703	-0.700547	-2.6816648e-17	0	493.12708
2.4105533936349384e-10	0.69658697	0.13341711	-0.69957435	-2.688651e-17	0	493.12708
2.419800693157476e-10	0.7011199	0.10880905	-0.6992103	-2.6955143e-17	0	493.12708
2.4198832371926343e-10	0.7011535	0.10858933	-0.6992098	-2.6955752e-17	0	493.12708
2.4198832371926343e-10	0.70115346	0.10858933	-0.6992098	-2.8875992e-17	0	474.74863
2.420048325262951e-10	0.7012236	0.10808064	-0.6992165	-2.8877623e-17	0	474.74863
2.4203785014035845e-10	0.7013618	0.1070633	-0.6992303	-2.8880902e-17	0	474.74863
2.4210388536848514e-10	0.7016311	0.10502871	-0.6992606	-2.888743e-17	0	474.74863
2.422359558247385e-10	0.7021407	0.10095999	-0.6993322	-2.8900473e-17	0	474.74863
2.425000967372453e-10	0.7030439	0.09282538	-0.69951826	-2.8926463e-17	0	474.74863
2.430283785622588e-10	0.70438826	0.07657539	-0.7000625	-2.8978106e-17	0	474.74863
2.440576772783886e-10	0.7052523	0.045046683	-0.7017787	-2.9077622e-17	0	474.74863
2.450826922117444e-10	0.70383364	0.013931955	-0.7043406	-2.9175616e-17	0	474.74863
2.460556937733097e-10	0.7004124	-0.015226092	-0.7075475	-2.926791e-17	0	474.74863
2.469871291614182e-10	0.6952723	-0.04269079	-0.7113112	-2.935591e-17	0	474.74863
2.47906540722125e-10	0.68843716	-0.069275625	-0.7156769	-2.9442657e-17	0	474.74863
2.4883187415267696e-10	0.6798209	-0.095409214	-0.7207057	-2.953006e-17	0	474.74863
2.4976618553213503e-10	0.66938645	-0.12106409	-0.7264092	-2.961864e-17	0	474.74863
2.5070697337517065e-10	0.6571568	-0.14605075	-0.7327642	-2.9708347e-17	0	474.74863
2.5164951807576757e-10	0.6432142	-0.1701271	-0.7397201	-2.979888e-17	0	474.74863
2.5198832371926345e-10	0.6377985	-0.17852685	-0.7423589	-2.9831627e-17	0	474.74863
2.5198832371926345e-10	0.63779855	-0.17852686	-0.7423589	-3.1767762e-17	0	458.11908
2.526659350062552e-10	0.6252898	-0.19718069	-0.7481189	-3.1850947e-17	0	458.11908
2.536767783854868e-10	0.6047772	-0.22364837	-0.75728106	-3.1976192e-17	0	458.11908
2.547100460663409e-10	0.5816145	-0.24885413	-0.76730186	-3.210577e-17	0	458.11908
2.5570555049689703e-10	0.55731803	-0.2711923	-0.7775254	-3.2232214e-17	0	458.11908
2.566573666066252e-10	0.53239334	-0.29060465	-0.7877656	-3.2354634e-17	0	458.11908
2.5758902241683017e-10	0.5065204	-0.30762088	-0.79817355	-3.2475898e-17	0	458.11908
2.5852032505010823e-10	0.47933742	-0.3225343	-0.8089004	-3.259853e-17	0	458.11908
2.594570436346612e-10	0.45082137	-0.33529237	-0.8199537	-3.27232e-17	0	458.11908
2.603992173425326e-10	0.42112628	-0.34573567	-0.83127314	-3.2849844e-17	0	458.11908
2.613439821796527e-10	0.39052415	-0.35369134	-0.8427578	-3.297793e-17	0	458.11908
2.6198832371926346e-10	0.36928743	-0.35762185	-0.8506308	-3.306583e-17	0	458.11908
2.6198832371926346e-10	0.3692874	-0.35762185	-0.8506308	-3.5259583e-17	0	443.07205
2.629609943241084e-10	0.33449787	-0.36279422	-0.8627626	-3.541423e-17	0	443.07205
2.639668158561359e-10	0.298151	-0.3646498	-0.8752618	-3.5574798e-17	0	443.07205
2.6495764997274456e-10	0.26233143	-0.36294144	-0.887428	-3.5733256e-17	0	443.07205
2.6591968032123235e-10	0.22789171	-0.3579013	-0.8990055	-3.588699e-17	0	443.07205
2.668639868240531e-10	0.19475181	-0.3497303	-0.9100554	-3.6037394e-17	0	443.07205
2.6780332781130687e-10	0.16277434	-0.33848867	-0.9206545	-3.6186174e-17	0	443.07205
2.68743977533037e-10	0.13207105	-0.3242143	-0.9307959	-3.6333918e-17	0	443.07205
2.696875460150399e-10	0.10292482	-0.30699915	-0.94041765	-3.6480515e-17	0	443.07205
2.706333891573926e-10	0.07568545	-0.28701067	-0.9494379	-3.662553e-17	0	443.07205
2.715781563555045e-10	0.050750524	-0.26453525	-0.957759	-3.6768072e-17	0	443.07205
2.719883237192635e-10	0.040702157	-0.25406092	-0.9611428	-3.6829175e-17	0	443.07205
2.719883237192635e-10	0.040702157	-0.25406092	-0.9611428	-3.9279935e-17	0	429.45697
2.7280865844678145e-10	0.020945096	-0.23185968	-0.96752286	-3.940936e-17	0	429.45697
2.738115164832213e-10	-7.734749e-05	-0.20260268	-0.97448266	-3.956424e-17	0	429.45697
2.748387143948288e-10	-0.017784528	-0.17066586	-0.9806072	-3.971878e-17	0	429.45697
2.7583305454115984e-10	-0.031039532	-0.13833849	-0.985536	-3.9864193e-17	0	429.45697
2.7678755841588013e-10	-0.040050935	-0.106464	-0.9893257	-3.999981e-17	0	429.45697
2.777234243506851e-10	-0.04530859	-0.07484899	-0.9921445	-4.012885e-17	0	429.45697
2.7865757001139046e-10	-0.047036353	-0.043357324	-0.9940825	-4.025379e-17	0	429.45697
2.795977848310497e-10	-0.045292865	-0.012143034	-0.9951707	-4.037562e-17	0	429.45697
2.805437149276226e-10	-0.040137604	0.01836789	-0.9954252	-4.0494223e-17	0	429.45697
2.8149281550980946e-10	-0.031713836	0.04769615	-0.9948764	-4.060932e-17	0	429.45697
2.819883237192635e-10	-0.026095307	0.06237705	-0.9942867	-4.066785e-17	0	429.45697
2.819883237192635e-10	-0.026095307	0.062377058	-0.9942867	-4.3048752e-17	0	417.1375
2.8297934013817157e-10	-0.012095314	0.090230435	-0.99253345	-4.3166367e-17	0	417.1375
2.839760050082974e-10	0.004959181	0.11575474	-0.9900514	-4.3280154e-17	0	417.1375
2.8495312758069e-10	0.024188174	0.138066	-0.98700106	-4.3387466e-17	0	417.1375
2.85911384624783e-10	0.045066312	0.1571214	-0.98350024	-4.348866e-17	0	417.1375
2.8686131132984335e-10	0.06734711	0.1730991	-0.9796157	-4.3585136e-17	0	417.1375
2.878119858958882e-10	0.09083458	0.18609273	-0.97539943	-4.3677945e-17	0	417.1375
2.8876606690522476e-10	0.11521423	0.19607738	-0.9709221	-4.3767393e-17	0	417.1375
2.897235530653665e-10	0.14011374	0.20302811	-0.96626514	-4.3853536e-17	0	417.1375
2.9068267401711075e-10	0.16512364	0.20696162	-0.96151817	-4.3936254e-17	0	417.1375
2.9164280699167227e-10	0.18988152	0.20795818	-0.95676327	-4.4015554e-17	0	417.1375
2.919883237192635e-10	0.19866017	0.20762111	-0.9550659	-4.4043258e-17	0	417.1375
2.919883237192635e-10	0.19866017	0.20762111	-0.9550659	-4.6091536e-17	0	405.9904
2.92679357174446e-10	0.21646929	0.205087	-0.9517633	-4.6149985e-17	0	405.9904
2.93706573443604e-10	0.24185644	0.19866772	-0.9470327	-4.6233325e-17	0	405.9904
2.947564206349703e-10	0.26614735	0.18908712	-0.9424933	-4.6314332e-17	0	405.9904
2.9576976464420836e-10	0.28771484	0.17724428	-0.938467	-4.638872e-17	0	405.9904
2.96741152581492e-10	0.30643624	0.16378827	-0.93499106	-4.6456667e-17	0	405.9904
2.976941803420536e-10	0.32278106	0.14886335	-0.9319893	-4.6520323e-17	0	405.9904
2.986488698566821e-10	0.33702064	0.13247746	-0.9294228	-4.6581287e-17	0	405.9904
2.996115145979279e-10	0.3491237	0.114782184	-0.9273086	-4.6640092e-17	0	405.9904
3.0058077987530895e-10	0.35895997	0.096061364	-0.9256809	-4.6696827e-17	0	405.9904
3.0155389488873396e-10	0.36643177	0.076640554	-0.92456514	-4.675145e-17	0	405.9904
3.0198832371926353e-10	0.3689883	0.06784259	-0.92423654	-4.6775125e-17	0	405.9904
3.0198832371926353e-10	0.3689883	0.06784259	-0.92423654	-4.855516e-17	0	395.90408
3.028571813803227e-10	0.37261766	0.048788894	-0.92398596	-4.8608114e-17	0	395.90408
3.0388695746622013e-10	0.37420863	0.026290907	-0.92426395	-4.8668627e-17	0	395.90408
3.049409963733698e-10	0.37288287	0.0037046866	-0.92517745	-4.872833e-17	0	395.90408
3.0596328669816183e-10	0.3688695	-0.01744064	-0.926645	-4.8784277e-17	0	395.90408
3.06946687401513e-10	0.36262125	-0.036789548	-0.9285654	-4.8836482e-17	0	395.90408
3.07911195572881e-10	0.3543806	-0.05457834	-0.93089753	-4.8886318e-17	0	395.90408
3.08875325673195e-10	0.34423187	-0.070968896	-0.93363196	-4.8934857e-17	0	395.90408
3.098462167261002e-10	0.3322822	-0.08587524	-0.9367472	-4.8982582e-17	0	395.90408
3.1082143137228977e-10	0.31875426	-0.09906136	-0.9401911	-4.9029433e-17	0	395.90408
3.1179998244885e-10	0.3038857	-0.11034692	-0.94390863	-4.907539e-17	0	395.90408
3.1198832371926355e-10	0.3008965	-0.11228507	-0.94464946	-4.9084127e-17	0	395.90408
3.1198832371926355e-10	0.30089653	-0.11228507	-0.94464946	-5.0764395e-17	0	386.7776
3.123650062600906e-10	0.29457662	-0.116325445	-0.9461768	-5.0783705e-17	0	386.7776
3.1311837134174473e-10	0.28149506	-0.12338605	-0.9493136	-5.0821815e-17	0	386.7776
3.14177206386911e-10	0.26234144	-0.13094923	-0.95385784	-5.0874238e-17	0	386.7776
3.15260849371178e-10	0.24218155	-0.13577469	-0.9585931	-5.0926446e-17	0	386.7776
3.162962102140457e-10	0.22278191	-0.13761874	-0.9631151	-5.0974992e-17	0	386.7776
3.172767057056366e-10	0.20462522	-0.13690884	-0.96732485	-5.1019643e-17	0	386.7776
3.18234307518409e-10	0.1873919	-0.13398251	-0.971307	-5.1062048e-17	0	386.7776
3.191935906668076e-10	0.1708977	-0.12894666	-0.9751125	-5.1103245e-17	0	386.7776
3.201620139077451e-10	0.1552871	-0.12187094	-0.9787164	-5.1143515e-17	0	386.7776
3.211383243885643e-10	0.14085023	-0.112893075	-0.98206043	-5.118276e-17	0	386.7776
3.2198832371926357e-10	0.129514	-0.10373427	-0.9847028	-5.1215774e-17	0	386.7776
3.2198832371926357e-10	0.12951398	-0.10373427	-0.9847029	-5.284962e-17	0	378.51962
3.229822194500874e-10	0.117451444	-0.09201689	-0.98746264	-5.2887625e-17	0	378.51962
3.24010527961634e-10	0.10699434	-0.078521945	-0.9898982	-5.292537e-17	0	378.51962
3.250284559630055e-10	0.09881151	-0.06411399	-0.9918636	-5.296118e-17	0	378.51962
3.2602121438564444e-10	0.092996545	-0.049380664	-0.99333906	-5.2994613e-17	0	378.51962
3.269974348866414e-10	0.08939906	-0.034547232	-0.9943601	-5.302611e-17	0	378.51962
3.27968985129572e-10	0.08789603	-0.019742712	-0.994957	-5.3056132e-17	0	378.51962
3.289423680657144e-10	0.08841553	-0.005154646	-0.9951468	-5.308497e-17	0	378.51962
3.2991941321086387e-10	0.09088292	0.008970029	-0.9949456	-5.3112708e-17	0	378.51962
3.308986105378132e-10	0.09518194	0.02235234	-0.99437594	-5.3139386e-17	0	378.51962
3.318783093088576e-10	0.10115044	0.03473989	-0.99346864	-5.316494e-17	0	378.51962
3.319883237192636e-10	0.10191672	0.03605942	-0.9933473	-5.3167735e-17	0	378.51962
3.319883237192636e-10	0.10191673	0.03605942	-0.9933473	-5.46759e-17	0	371.0475
3.322083525400756e-10	0.10351868	0.03857403	-0.9930951	-5.4681367e-17	0	371.0475
3.326484101816996e-10	0.10693075	0.043406375	-0.992549	-5.469213e-17	0	371.0475
3.3352852546494766e-10	0.11451664	0.052234698	-0.9913041	-5.4713074e-17	0	371.0475
3.3459198125695327e-10	0.124834314	0.061301507	-0.9895662	-5.4737334e-17	0	371.0475
3.356756429619349e-10	0.13634259	0.06861947	-0.98758936	-5.4760918e-17	0	371.0475
3.3670871326638276e-10	0.14794487	0.073720634	-0.98556834	-5.4782362e-17	0	371.0475
3.376894280165115e-10	0.15926419	0.07685062	-0.98357743	-5.480181e-17	0	371.0475
3.386502040683339e-10	0.17040808	0.078317285	-0.9816031	-5.4820078e-17	0	371.0475
3.3961491736551286e-10	0.1814362	0.07824507	-0.9796387	-5.4837605e-17	0	371.0475
3.405898372186404e-10	0.19221216	0.07667605	-0.9777116	-5.4854535e-17	0	371.0475
3.4157262138959403e-10	0.20250863	0.073675826	-0.9758657	-5.4870817e-17	0	371.0475
3.419883237192636e-10	0.2066502	0.0720082	-0.9751227	-5.487747e-17	0	371.0475
3.419883237192636e-10	0.20665017	0.0720082	-0.9751227	-5.621003e-17	0	364.28644
3.4281972837860275e-10	0.21454969	0.06748782	-0.9737404	-5.622382e-17	0	364.28644
3.4386603897752433e-10	0.22342856	0.06066971	-0.9721916	-5.624036e-17	0	364.28644
3.4494096730569865e-10	0.23118149	0.0525697	-0.9708492	-5.625646e-17	0	364.28644
3.459804023008177e-10	0.23725456	0.04391376	-0.969813	-5.627126e-17	0	364.28644
3.4697482557721395e-10	0.24169287	0.035090335	-0.9690759	-5.6284704e-17	0	364.28644
3.479490759815941e-10	0.24471313	0.02612964	-0.96860147	-5.629727e-17	0	364.28644
3.489235376078158e-10	0.24641952	0.017042436	-0.9683732	-5.6309294e-17	0	364.28644
3.499059297932005e-10	0.24683443	0.007938802	-0.9683884	-5.632084e-17	0	364.28644
3.508954119333207e-10	0.24597713	-0.0009943859	-0.96864426	-5.6332e-17	0	364.28644
3.518884523829201e-10	0.2439028	-0.009553406	-0.9691302	-5.6342726e-17	0	364.28644
3.519883237192636e-10	0.24363035	-0.010385569	-0.9691911	-5.63438e-17	0	364.28644
3.519883237192636e-10	0.24363033	-0.010385569	-0.9691911	-5.754345e-17	0	358.16876
3.521880663919507e-10	0.24302572	-0.012156882	-0.9693243	-5.7545804e-17	0	358.16876
3.5258755173732487e-10	0.24167192	-0.015619352	-0.9696176	-5.7550496e-17	0	358.16876
3.533865224280732e-10	0.23841465	-0.022189394	-0.9703059	-5.755965e-17	0	358.16876
3.544673131434133e-10	0.23294961	-0.030215956	-0.9714327	-5.7571585e-17	0	358.16876
3.5557496271764406e-10	0.22626919	-0.037269987	-0.9727861	-5.758331e-17	0	358.16876
3.566266015723562e-10	0.21911702	-0.042752914	-0.97421926	-5.759405e-17	0	358.16876
3.5761796246568904e-10	0.21183734	-0.0467664	-0.97566724	-5.760377e-17	0	358.16876
3.585853236289721e-10	0.20440081	-0.049563445	-0.9771388	-5.7612944e-17	0	358.16876
3.595564521284909e-10	0.19676924	-0.051246226	-0.97864366	-5.762181e-17	0	358.16876
3.605384543523653e-10	0.189048	-0.051811907	-0.98016226	-5.763045e-17	0	358.16876
3.6152866318770977e-10	0.18142122	-0.0512598	-0.9816597	-5.7638825e-17	0	358.16876
3.6198832371926363e-10	0.17797899	-0.05063553	-0.9823353	-5.764261e-17	0	358.16876
3.6198832371926363e-10	0.17797898	-0.05063553	-0.9823353	-5.8755175e-17	0	352.63327
3.6290764478237136e-10	0.1711696	-0.049073696	-0.9836504	-5.8762765e-17	0	352.63327
3.639557033958259e-10	0.16390903	-0.046232507	-0.98505354	-5.8771044e-17	0	352.63327
3.65021050983453e-10	0.15723217	-0.042305574	-0.9863467	-5.8779064e-17	0	352.63327
3.660532611132656e-10	0.15157138	-0.03764046	-0.98744833	-5.8786475e-17	0	352.63327
3.670493157333174e-10	0.14696088	-0.032478005	-0.98835254	-5.879328e-17	0	352.63327
3.6802978341843294e-10	0.14330801	-0.026904766	-0.98907846	-5.8799704e-17	0	352.63327
3.690107563445943e-10	0.14057615	-0.020985093	-0.98963404	-5.88058e-17	0	352.63327
3.699972484592556e-10	0.13878085	-0.014832818	-0.99001706	-5.881167e-17	0	352.63327
3.709892263624395e-10	0.13793662	-0.008592683	-0.99022543	-5.881727e-17	0	352.63327
3.719830088666795e-10	0.13803348	-0.0024314462	-0.9902605	-5.882266e-17	0	352.63327
3.7198832371926365e-10	0.13803644	-0.0023989873	-0.99026024	-5.882268e-17	0	352.63327
3.7198832371926365e-10	0.13803643	-0.0023989875	-0.99026024	-5.984537e-17	0	347.62454
3.7199895342443197e-10	0.13804196	-0.0023372602	-0.99025965	-5.984545e-17	0	347.62454
3.720202128347686e-10	0.1380533	-0.0022138797	-0.99025875	-5.984555e-17	0	347.62454
3.720627316554419e-10	0.13807714	-0.001967424	-0.99025655	-5.9845756e-17	0	347.62454
3.721477692967885e-10	0.13812956	-0.001475765	-0.9902511	-5.9846153e-17	0	347.62454
3.723178445794816e-10	0.13825324	-0.00049773767	-0.9902371	-5.984698e-17	0	347.62454
3.726579951448679e-10	0.13857496	0.0014349737	-0.99019545	-5.984862e-17	0	347.62454
3.733382962756405e-10	0.13950661	0.005190097	-0.99005973	-5.985182e-17	0	347.62454
3.7442892111195017e-10	0.14175111	0.010825225	-0.98970544	-5.9856735e-17	0	347.62454
3.7553338504435413e-10	0.14486535	0.015929816	-0.9891932	-5.986149e-17	0	347.62454
3.765780880922826e-10	0.14846984	0.020096814	-0.988588	-5.9865754e-17	0	347.62454
3.7756593259421406e-10	0.15235265	0.023375906	-0.9879281	-5.9869625e-17	0	347.62454
3.7853406522292145e-10	0.15649627	0.025921686	-0.9872182	-5.987322e-17	0	347.62454
3.7950826271170037e-10	0.16089475	0.027790362	-0.98646027	-5.9876726e-17	0	347.62454
3.80494322047878e-10	0.1654694	0.028965	-0.9856684	-5.988012e-17	0	347.62454
3.8148875382214385e-10	0.17009625	0.02942735	-0.9848647	-5.988337e-17	0	347.62454
3.8198832371926367e-10	0.17239167	0.029393012	-0.9844651	-5.988495e-17	0	347.62454
3.8198832371926367e-10	0.17239167	0.02939301	-0.9844651	-6.080454e-17	0	343.09247
3.829874635135033e-10	0.17683934	0.028469708	-0.98369986	-6.0807635e-17	0	343.09247
3.840323477104832e-10	0.18117014	0.026826689	-0.98295355	-6.081073e-17	0	343.09247
3.8507138937380704e-10	0.1850586	0.02458277	-0.98228323	-6.081366e-17	0	343.09247
3.86086007043663e-10	0.188378	0.021889508	-0.98171145	-6.0816344e-17	0	343.09247
3.870829230946841e-10	0.19112355	0.01884824	-0.9812397	-6.0818885e-17	0	343.09247
3.880740107670042e-10	0.19330646	0.015526846	-0.9808665	-6.082125e-17	0	343.09247
3.89066936724116e-10	0.19492234	0.011993388	-0.980593	-6.082352e-17	0	343.09247
3.9006390334841016e-10	0.19595945	0.008331003	-0.9804217	-6.082569e-17	0	343.09247
3.910627679514368e-10	0.19641411	0.004638111	-0.9803537	-6.082775e-17	0	343.09247
3.919883237192637e-10	0.19632798	0.0012718677	-0.9803806	-6.082957e-17	0	343.09247
3.919883237192637e-10	0.19632798	0.0012718678	-0.9803806	-6.16584e-17	0	338.9917
3.9299729770495415e-10	0.19562788	-0.002594031	-0.98051834	-6.166061e-17	0	338.9917
3.9402999983774737e-10	0.19432624	-0.0062928344	-0.9807622	-6.1662754e-17	0	338.9917
3.9505565376895053e-10	0.19250877	-0.009627292	-0.98109627	-6.1664806e-17	0	338.9917
3.9606638593613367e-10	0.19027571	-0.012515841	-0.9815033	-6.1666705e-17	0	338.9917
3.9706645207357885e-10	0.187709	-0.014933659	-0.9819686	-6.1668565e-17	0	338.9917
3.980631638743958e-10	0.18487573	-0.01686957	-0.98248065	-6.1670305e-17	0	338.9917
3.9906114997244493e-10	0.18184474	-0.018309215	-0.9830271	-6.167198e-17	0	338.9917
4.000608947488973e-10	0.17869613	-0.019239226	-0.9835942	-6.167359e-17	0	338.9917
4.0106220576467617e-10	0.17551167	-0.019657949	-0.9841673	-6.1675136e-17	0	338.9917
4.019883237192637e-10	0.17260751	-0.019599937	-0.98468983	-6.167649e-17	0	338.9917
4.019883237192637e-10	0.17260751	-0.019599937	-0.9846897	-6.2433184e-17	0	335.28113
4.0299858955323596e-10	0.16946396	-0.019331826	-0.9852499	-6.243467e-17	0	335.28113
4.04032841196777e-10	0.16640621	-0.018562617	-0.9857947	-6.243611e-17	0	335.28113
4.0506042919468927e-10	0.16360123	-0.017346267	-0.9862953	-6.2437485e-17	0	335.28113
4.060719007167107e-10	0.16112824	-0.015760956	-0.9867374	-6.2438736e-17	0	335.28113
4.0707237502389115e-10	0.15901233	-0.013871903	-0.987117	-6.243996e-17	0	335.28113
4.080695769451176e-10	0.15726769	-0.011733448	-0.9874315	-6.2441105e-17	0	335.28113
4.090677262040609e-10	0.1559122	-0.009402841	-0.9876782	-6.244217e-17	0	335.28113
4.1006775449835703e-10	0.15496175	-0.0069445036	-0.9878542	-6.244323e-17	0	335.28113
4.110695266235032e-10	0.15442324	-0.0044258144	-0.9879583	-6.24442e-17	0	335.28113
4.119883237192637e-10	0.15428811	-0.0021229757	-0.98799103	-6.244508e-17	0	335.28113
4.119883237192637e-10	0.15428811	-0.0021229757	-0.9879911	-6.3134686e-17	0	331.9237
4.12999343372941e-10	0.15446907	0.00012539659	-0.9879687	-6.3135493e-17	0	331.9237
4.1403623592482843e-10	0.1550133	0.002312696	-0.98788357	-6.3136254e-17	0	331.9237
4.150654956795432e-10	0.15588017	0.0043124678	-0.9877423	-6.313697e-17	0	331.9237
4.160774606792698e-10	0.15701118	0.006068007	-0.9875548	-6.313767e-17	0	331.9237
4.170779975391133e-10	0.15835863	0.0075634746	-0.98732936	-6.313831e-17	0	331.9237
4.1807581347411413e-10	0.15988389	0.008790622	-0.9870728	-6.313892e-17	0	331.9237
4.1907476836088954e-10	0.16154474	0.009736678	-0.9867922	-6.313952e-17	0	331.9237
4.20076579077951e-10	0.16329587	0.010391487	-0.9864955	-6.3140086e-17	0	331.9237
4.2108011499019884e-10	0.16508693	0.010750201	-0.9861913	-6.3140615e-17	0	331.9237
4.2198832371926374e-10	0.16669995	0.010822962	-0.9859168	-6.3141105e-17	0	331.9237
4.2198832371926374e-10	0.16669996	0.010822961	-0.9859168	-6.376413e-17	0	328.88574
4.230029907909804e-10	0.16841443	0.010415427	-0.9856269	-6.376464e-17	0	328.88574
4.240456627550288e-10	0.17004052	0.00973097	-0.9853515	-6.376514e-17	0	328.88574
4.2508015593852084e-10	0.1714806	0.008818277	-0.9851073	-6.3765606e-17	0	328.88574
4.2609594265637806e-10	0.17269704	0.0077316933	-0.98490095	-6.376601e-17	0	328.88574
4.2709901980875686e-10	0.17368425	0.0065112836	-0.9847334	-6.3766414e-17	0	328.88574
4.2809832855146996e-10	0.17444152	0.005188517	-0.9846049	-6.3766784e-17	0	328.88574
4.290995303776981e-10	0.17496568	0.0037955663	-0.9845161	-6.376716e-17	0	328.88574
4.30103471695902e-10	0.1752538	0.002370088	-0.98446757	-6.376749e-17	0	328.88574
4.3110913714716405e-10	0.17530844	0.0009516177	-0.984459	-6.376781e-17	0	328.88574
4.3198832371926375e-10	0.17517231	-0.0002522252	-0.98448294	-6.376809e-17	0	328.88574
4.3198832371926375e-10	0.17517231	-0.00025222526	-0.98448294	-6.433148e-17	0	326.1369
4.33008544342347e-10	0.17476472	-0.0017787989	-0.9845536	-6.433182e-17	0	326.1369
4.3406116800059185e-10	0.17410482	-0.0032224725	-0.9846671	-6.43322e-17	0	326.1369
4.3510229715621415e-10	0.1732437	-0.004485521	-0.9848149	-6.4332556e-17	0	326.1369
4.3612068559786096e-10	0.17223448	-0.0055361	-0.9849881	-6.433285e-17	0	326.1369
4.371238699865048e-10	0.17111364	-0.0063733654	-0.9851801	-6.433315e-17	0	326.1369
4.381234321904367e-10	0.16990733	-0.0070002414	-0.98538685	-6.433344e-17	0	326.1369
4.39124996417095e-10	0.1686449	-0.007414559	-0.9856033	-6.4333734e-17	0	326.1369
4.4013012606642596e-10	0.1673598	-0.007614855	-0.98582363	-6.433399e-17	0	326.1369
4.4113707599766723e-10	0.1660889	-0.0076044155	-0.9860417	-6.433425e-17	0	326.1369
4.4198832371926377e-10	0.16505173	-0.0074385465	-0.98621994	-6.4334455e-17	0	326.1369
4.4198832371926377e-10	0.16505173	-0.0074385465	-0.98621994	-6.484629e-17	0	323.64966
4.430128716674439e-10	0.16382737	-0.007233493	-0.9864288	-6.4846546e-17	0	323.64966
4.440716643186359e-10	0.16264667	-0.0068220524	-0.98663056	-6.484679e-17	0	323.64966
4.451175453684072e-10	0.16159424	-0.006238392	-0.9868105	-6.4846976e-17	0	323.64966
4.461371043823106e-10	0.16070092	-0.00552457	-0.9869636	-6.484719e-17	0	323.64966
4.471396543627156e-10	0.15996784	-0.0047093043	-0.9870895	-6.484739e-17	0	323.64966
4.481379906512077e-10	0.15939352	-0.0038128817	-0.98718876	-6.484755e-17	0	323.64966
4.4913929967481477e-10	0.15898117	-0.0028569703	-0.98726046	-6.484773e-17	0	323.64966
4.501446666196546e-10	0.15873498	-0.0018682716	-0.9873042	-6.4847896e-17	0	323.64966
4.511525517084041e-10	0.15865526	-0.00087599497	-0.98731965	-6.4848055e-17	0	323.64966
4.519883237192638e-10	0.15871179	-7.1493705e-05	-0.9873118	-6.484818e-17	0	323.64966
4.519883237192638e-10	0.15871178	-7.1493676e-05	-0.9873118	-6.5312705e-17	0	321.39908
4.530156066487387e-10	0.15888919	0.0007202164	-0.9872835	-6.531283e-17	0	321.39908
4.5407717829765615e-10	0.15920046	0.0014745891	-0.9872327	-6.531294e-17	0	321.39908
4.551245550111677e-10	0.15961942	0.0021368586	-0.9871636	-6.531303e-17	0	321.39908
4.561445104486752e-10	0.16011699	0.0026890424	-0.98708105	-6.531313e-17	0	321.39908
4.5714726902922027e-10	0.1606745	0.0031322648	-0.98698837	-6.5313215e-17	0	321.39908
4.5814636005630767e-10	0.16127911	0.0034686695	-0.9868876	-6.5313294e-17	0	321.39908
4.5914844152779074e-10	0.1619162	0.0036968698	-0.98678106	-6.531337e-17	0	321.39908
4.601545507007686e-10	0.1625681	0.0038153157	-0.986672	-6.531348e-17	0	321.39908
4.611633906836481e-10	0.16321588	0.0038251102	-0.98656356	-6.531355e-17	0	321.39908
4.619883237192638e-10	0.16372913	0.0037555736	-0.98647743	-6.531359e-17	0	321.39908
4.619883237192638e-10	0.16372913	0.0037555736	-0.98647743	-6.573384e-17	0	319.3627
4.6301820962173445e-10	0.16430458	0.0034346583	-0.98638135	-6.5733906e-17	0	319.3627
4.6408238164415595e-10	0.16481958	0.0030178914	-0.9862952	-6.573398e-17	0	319.3627
4.6513209440565093e-10	0.16523747	0.0025387486	-0.9862252	-6.573404e-17	0	319.3627
4.661537727408392e-10	0.165551	0.0020244936	-0.9861727	-6.573411e-17	0	319.3627
4.671578998436206e-10	0.16576561	0.0014894961	-0.9861364	-6.573415e-17	0	319.3627
4.681579421674347e-10	0.1658861	0.0009434781	-0.98611605	-6.5734223e-17	0	319.3627
4.691611249339689e-10	0.16591495	0.0003979411	-0.9861108	-6.573427e-17	0	319.3627
4.701688766527714e-10	0.16585508	-0.00013314538	-0.9861207	-6.573433e-17	0	319.3627
4.711785748055367e-10	0.16571198	-0.00063460704	-0.9861445	-6.5734376e-17	0	319.3627
4.719883237192638e-10	0.16554248	-0.0010063516	-0.98617274	-6.5734415e-17	0	319.3627
4.719883237192638e-10	0.16554247	-0.0010063514	-0.98617274	-6.611487e-17	0	317.52008
4.730214141998772e-10	0.16523224	-0.0015617732	-0.98622423	-6.6114925e-17	0	317.52008
4.740877950405341e-10	0.16482863	-0.002057369	-0.9862915	-6.611499e-17	0	317.52008
4.751382256633516e-10	0.16436458	-0.0024576494	-0.9863688	-6.611505e-17	0	317.52008
4.76159972886854e-10	0.16386652	-0.0027561511	-0.9864518	-6.611511e-17	0	317.52008
4.771644737463061e-10	0.16334814	-0.002958406	-0.9865383	-6.611515e-17	0	317.52008
4.781651075749049e-10	0.16281904	-0.0030689219	-0.9866265	-6.6115196e-17	0	317.52008
4.79169274971316e-10	0.16229053	-0.003090072	-0.9867148	-6.611525e-17	0	317.52008
4.801774654811693e-10	0.16177686	-0.003024792	-0.98680055	-6.6115296e-17	0	317.52008
4.811885335361343e-10	0.16129221	-0.0028784405	-0.9868815	-6.6115335e-17	0	317.52008
4.819883237192637e-10	0.16093843	-0.002710598	-0.98694074	-6.611537e-17	0	317.52008
4.819883237192637e-10	0.16093843	-0.0027105983	-0.98694074	-6.6460316e-17	0	315.85284
4.830229383831843e-10	0.16049945	-0.0025475868	-0.9870138	-6.646034e-17	0	315.85284
4.840914746737275e-10	0.16009289	-0.0023094905	-0.9870815	-6.6460376e-17	0	315.85284
4.851428242995847e-10	0.15974915	-0.002016753	-0.9871388	-6.646042e-17	0	315.85284
4.861648752056046e-10	0.15947574	-0.0016878744	-0.98718446	-6.646044e-17	0	315.85284
4.871697397318683e-10	0.15927014	-0.0013332922	-0.9872189	-6.6460475e-17	0	315.85284
4.881708630880403e-10	0.15913022	-0.00096057367	-0.9872423	-6.64605e-17	0	315.85284
4.89175449576254e-10	0.15905567	-0.000578345	-0.98725486	-6.646051e-17	0	315.85284
4.90183991361192e-10	0.159046	-0.00019740005	-0.9872569	-6.646055e-17	0	315.85284
4.911952106028982e-10	0.15909891	0.00017120244	-0.98724836	-6.646059e-17	0	315.85284
4.919883237192637e-10	0.15918134	0.00044461337	-0.9872347	-6.646058e-17	0	315.85284
4.919883237192637e-10	0.15918134	0.00044461334	-0.9872347	-6.677314e-17	0	314.34424
4.930245379420899e-10	0.15931407	0.00067072443	-0.98721296	-6.6773136e-17	0	314.34424
4.94093503339593e-10	0.15948485	0.0008711404	-0.987185	-6.677316e-17	0	314.34424
4.951455331737409e-10	0.15967962	0.0010314942	-0.98715276	-6.677317e-17	0	314.34424
4.961683502467403e-10	0.1598875	0.0011494771	-0.98711836	-6.6773195e-17	0	314.34424
4.97173447522891e-10	0.1601028	0.0012275244	-0.9870828	-6.677319e-17	0	314.34424
4.981750717457497e-10	0.16032176	0.0012676277	-0.9870467	-6.6773215e-17	0	314.34424
4.991805795326784e-10	0.16053969	0.0012708185	-0.9870106	-6.677322e-17	0	314.34424
5.001905384719322e-10	0.16075072	0.001238398	-0.9869756	-6.677324e-17	0	314.34424
5.012029483907888e-10	0.16094883	0.001172749	-0.98694277	-6.677324e-17	0	314.34424
5.019883237192637e-10	0.16109008	0.0011011622	-0.9869195	-6.677326e-17	0	314.34424
5.019883237192637e-10	0.1610901	0.0011011622	-0.9869194	-6.705613e-17	0	312.97922
5.030264318936729e-10	0.16123465	0.00088810304	-0.98689556	-6.705614e-17	0	312.97922
5.040966428021217e-10	0.16133986	0.00065245066	-0.9868781	-6.705614e-17	0	312.97922
5.051492535774561e-10	0.16139919	0.00041288376	-0.9868682	-6.705617e-17	0	312.97922
5.06172261502213e-10	0.16141531	0.00018009373	-0.98686534	-6.705619e-17	0	312.97922
5.071777878655312e-10	0.1613929	-4.205379e-05	-0.9868689	-6.705618e-17	0	312.97922
5.081802431871084e-10	0.16133535	-0.00025103337	-0.9868782	-6.70562e-17	0	312.97922
5.091860581112783e-10	0.1612457	-0.0004429376	-0.9868928	-6.70562e-17	0	312.97922
5.10196477092219e-10	0.16112773	-0.0006132716	-0.986912	-6.705622e-17	0	312.97922
5.112094519120906e-10	0.1609861	-0.00075776206	-0.9869353	-6.7056224e-17	0	312.97922
5.119883237192636e-10	0.16086459	-0.000849196	-0.98695534	-6.705621e-17	0	312.97922
5.119883237192636e-10	0.1608646	-0.000849196	-0.98695534	-6.731234e-17	0	311.74408
5.13027703230434e-10	0.16066922	-0.0010278231	-0.98698735	-6.731235e-17	0	311.74408
5.140990464117286e-10	0.16044453	-0.001169524	-0.98702407	-6.731237e-17	0	311.74408
5.151524176490744e-10	0.16020873	-0.0012646685	-0.98706263	-6.731238e-17	0	311.74408
5.161758578480144e-10	0.15997323	-0.0013144857	-0.9871012	-6.731236e-17	0	311.74408
5.171816894659982e-10	0.15974282	-0.0013231533	-0.987139	-6.731238e-17	0	311.74408
5.181844003317191e-10	0.15952063	-0.0012937824	-0.9871754	-6.731239e-17	0	311.74408
5.191907165889619e-10	0.15931116	-0.0012288981	-0.98720974	-6.731241e-17	0	311.74408
5.202013532150408e-10	0.15911973	-0.0011316886	-0.9872411	-6.7312425e-17	0	311.74408
5.212148670259502e-10	0.15895145	-0.0010063879	-0.98726875	-6.7312425e-17	0	311.74408
5.219883237192636e-10	0.15884128	-0.0008951283	-0.9872868	-6.731241e-17	0	311.74408
5.219883237192636e-10	0.15884128	-0.0008951283	-0.9872868	-6.754445e-17	0	310.62646
5.230287119844487e-10	0.1587018	-0.0008046644	-0.9873096	-6.754445e-17	0	310.62646
5.241002071055968e-10	0.15858012	-0.00069059955	-0.9873295	-6.7544445e-17	0	310.62646
5.251533972144547e-10	0.1584849	-0.00056241883	-0.987345	-6.754446e-17	0	310.62646
5.261770778602144e-10	0.15841722	-0.00042717115	-0.987356	-6.754445e-17	0	310.62646
5.271833570231532e-10	0.15837538	-0.00028841232	-0.98736286	-6.7544445e-17	0	310.62646
5.281866584702236e-10	0.15835807	-0.00014858786	-0.98736566	-6.754448e-17	0	310.62646
5.29193936806933e-10	0.15836444	-1.0819606e-05	-0.98736465	-6.754446e-17	0	310.62646
5.302054054119767e-10	0.15839347	0.00012103443	-0.9873599	-6.754449e-17	0	310.62646
5.312194003609948e-10	0.15844339	0.0002431807	-0.9873517	-6.754448e-17	0	310.62646
5.319883237192636e-10	0.15849362	0.0003272088	-0.98734343	-6.754449e-17	0	310.62646
5.319883237192636e-10	0.15849361	0.0003272088	-0.98734343	-6.775454e-17	0	309.61523
5.330297140476275e-10	0.1585599	0.00035824563	-0.9873326	-6.775452e-17	0	309.61523
5.341017754732037e-10	0.15863073	0.00037716422	-0.987321	-6.775455e-17	0	309.61523
5.351550918648983e-10	0.15870054	0.0003829896	-0.9873096	-6.775455e-17	0	309.61523
5.361790511512114e-10	0.1587666	0.00037699178	-0.9872987	-6.7754516e-17	0	309.61523
5.371860062952009e-10	0.158828	0.00036063534	-0.9872887	-6.775454e-17	0	309.61523
5.3818983833614e-10	0.15888415	0.00033499338	-0.9872793	-6.775455e-17	0	309.61523
5.391973477839476e-10	0.15893409	0.0003010865	-0.9872712	-6.7754576e-17	0	309.61523
5.40208951948509e-10	0.15897664	0.0002601916	-0.98726416	-6.775455e-17	0	309.61523
5.412234211037638e-10	0.15901092	0.00021380818	-0.98725843	-6.7754536e-17	0	309.61523
5.419883237192635e-10	0.15903081	0.00017625147	-0.9872552	-6.775455e-17	0	309.61523
5.419883237192635e-10	0.15903081	0.00017625147	-0.9872552	-6.794467e-17	0	308.70023
5.430305289689397e-10	0.15903449	6.049948e-05	-0.9872545	-6.794466e-17	0	308.70023
5.441031748562321e-10	0.15901738	-5.409839e-05	-0.98725724	-6.79447e-17	0	308.70023
5.451572126754608e-10	0.15898162	-0.00015883642	-0.98726296	-6.794469e-17	0	308.70023
5.461814735928785e-10	0.15893094	-0.00025035493	-0.9872712	-6.794468e-17	0	308.70023
5.471884520687149e-10	0.15886807	-0.0003282926	-0.9872813	-6.794469e-17	0	308.70023
5.481925584363629e-10	0.15879506	-0.00039247295	-0.98729306	-6.794471e-17	0	308.70023
5.492005002549771e-10	0.158714	-0.00044213826	-0.98730606	-6.7944715e-17	0	308.70023
5.502130338877019e-10	0.15862758	-0.0004764563	-0.9873202	-6.794471e-17	0	308.70023
5.512279863477952e-10	0.15853873	-0.00049499795	-0.98733455	-6.794471e-17	0	308.70023
5.519883237192635e-10	0.15847236	-0.0004986386	-0.98734534	-6.794469e-17	0	308.70023
5.519883237192635e-10	0.15847237	-0.00049863855	-0.98734534	-6.811686e-17	0	307.87228
5.530318046156982e-10	0.15837	-0.000546154	-0.9873618	-6.811686e-17	0	307.87228
5.541044701051575e-10	0.1582607	-0.00057453435	-0.9873795	-6.811687e-17	0	307.87228
5.551580503988309e-10	0.15815301	-0.0005823721	-0.9873969	-6.8116874e-17	0	307.87228
5.561819305699301e-10	0.15805136	-0.0005717093	-0.98741335	-6.8116854e-17	0	307.87228
5.571893056935354e-10	0.15795708	-0.00054485037	-0.9874286	-6.811688e-17	0	307.87228
5.5819388064862e-10	0.15787126	-0.0005035036	-0.9874425	-6.811687e-17	0	307.87228
5.592024943772839e-10	0.1577954	-0.00044931463	-0.9874547	-6.811686e-17	0	307.87228
5.602154835408501e-10	0.15773134	-0.00038435822	-0.98746514	-6.8116874e-17	0	307.87228
5.612307671921374e-10	0.15768063	-0.00031113814	-0.9874733	-6.811688e-17	0	307.87228
5.619883237192635e-10	0.15765208	-0.00025275457	-0.98747796	-6.8116874e-17	0	307.87228
5.619883237192635e-10	0.15765208	-0.00025275457	-0.9874779	-6.827272e-17	0	307.12314
5.630321500881922e-10	0.15761384	-0.00021993379	-0.98748416	-6.827271e-17	0	307.12314
5.64105777976651e-10	0.15758201	-0.00018070673	-0.9874893	-6.8272735e-17	0	307.12314
5.651602683705676e-10	0.15755877	-0.00013829376	-0.987493	-6.8272735e-17	0	307.12314
5.661850526189126e-10	0.15754421	-9.486762e-05	-0.9874953	-6.827274e-17	0	307.12314
5.671926615045166e-10	0.15753761	-5.1439947e-05	-0.9874963	-6.8272735e-17	0	307.12314
5.681973972564946e-10	0.15753846	-8.721012e-06	-0.98749626	-6.827273e-17	0	307.12314
5.692059557657679e-10	0.15754642	3.2346783e-05	-0.9874948	-6.8272735e-17	0	307.12314
5.702187699362795e-10	0.15756103	7.063311e-05	-0.9874925	-6.827273e-17	0	307.12314
5.712341190135888e-10	0.15758154	0.00010504895	-0.98748904	-6.827274e-17	0	307.12314
5.719883237192634e-10	0.15760005	0.00012754489	-0.9874861	-6.8272735e-17	0	307.12314
5.719883237192634e-10	0.15760003	0.00012754489	-0.9874861	-6.841381e-17	0	306.44528
5.730323295469456e-10	0.1576184	0.00010796003	-0.987483	-6.841384e-17	0	306.44528
5.741056628998311e-10	0.15763289	8.547154e-05	-0.98748064	-6.841381e-17	0	306.44528
5.751600246940901e-10	0.15764262	6.1914776e-05	-0.98747903	-6.8413806e-17	0	306.44528
5.761847284019188e-10	0.15764773	3.843522e-05	-0.98747814	-6.841384e-17	0	306.44528
5.77192750822496e-10	0.15764867	1.5503254e-05	-0.98747796	-6.841381e-17	0	306.44528
5.781980475097205e-10	0.15764576	-6.534854e-06	-0.9874783	-6.841381e-17	0	306.44528
5.792070901520284e-10	0.15763931	-2.7220198e-05	-0.9874793	-6.841382e-17	0	306.44528
5.802206041573627e-10	0.15762964	-4.6018286e-05	-0.9874809	-6.8413806e-17	0	306.44528
5.812366019628073e-10	0.15761721	-6.242564e-05	-0.9874828	-6.841382e-17	0	306.44528
5.819883237192634e-10	0.15760659	-7.2786e-05	-0.9874845	-6.841383e-17	0	306.44528
5.819883237192634e-10	0.15760659	-7.2786e-05	-0.9874846	-6.8541536e-17	0	305.83194
5.830337089400655e-10	0.15758014	-0.000125968	-0.9874887	-6.854153e-17	0	305.83194
5.841077456231939e-10	0.15754454	-0.00017341645	-0.9874943	-6.8541516e-17	0	305.83194
5.851622723471034e-10	0.15750287	-0.00021176388	-0.98750097	-6.854151e-17	0	305.83194
5.8618693520326e-10	0.15745766	-0.00024043368	-0.9875083	-6.8541516e-17	0	305.83194
5.871945443556487e-10	0.15741026	-0.0002599404	-0.9875159	-6.854148e-17	0	305.83194
5.881998831652863e-10	0.15736163	-0.0002706871	-0.9875237	-6.854152e-17	0	305.83194
5.892092194388779e-10	0.15731299	-0.00027285528	-0.9875315	-6.8541516e-17	0	305.83194
5.902228502876797e-10	0.15726578	-0.00026672904	-0.9875391	-6.8541516e-17	0	305.83194
5.912390274254708e-10	0.15722142	-0.00025285993	-0.9875462	-6.854151e-17	0	305.83194
5.919883237192634e-10	0.15719134	-0.0002381525	-0.9875511	-6.854151e-17	0	305.83194
5.919883237192634e-10	0.15719134	-0.0002381525	-0.9875511	-6.8657076e-17	0	305.27695
5.930340385793949e-10	0.15714478	-0.00024953185	-0.9875585	-6.865709e-17	0	305.27695
5.941081517427063e-10	0.15709692	-0.00025228434	-0.9875661	-6.8657076e-17	0	305.27695
5.951626493816745e-10	0.15705147	-0.0002465453	-0.98757344	-6.865709e-17	0	305.27695
5.961876601143488e-10	0.15701011	-0.00023355117	-0.98758006	-6.8657096e-17	0	305.27695
5.971960104149257e-10	0.15697318	-0.00021438951	-0.987586	-6.865709e-17	0	305.27695
5.982017841420647e-10	0.15694103	-0.00018986613	-0.98759115	-6.8657076e-17	0	305.27695
5.992111505238456e-10	0.1569142	-0.00016083207	-0.9875955	-6.865709e-17	0	305.27695
6.002249536416892e-10	0.15689322	-0.00012830696	-0.98759884	-6.865709e-17	0	305.27695
6.012414638173842e-10	0.15687855	-9.346976e-05	-0.98760116	-6.8657076e-17	0	305.27695
6.019883237192633e-10	0.15687191	-6.7136e-05	-0.98760223	-6.865709e-17	0	305.27695
6.019883237192633e-10	0.15687191	-6.713601e-05	-0.98760223	-6.8761724e-17	0	304.77478
6.030340220178892e-10	0.15686026	-6.4004045e-05	-0.9876041	-6.876174e-17	0	304.77478
6.041077616517904e-10	0.15684932	-5.8782345e-05	-0.9876058	-6.876172e-17	0	304.77478
6.05162279331713e-10	0.1568399	-5.1935258e-05	-0.98760724	-6.8761724e-17	0	304.77478
6.061876172045902e-10	0.15683228	-4.393507e-05	-0.98760843	-6.8761724e-17	0	304.77478
6.071962663812225e-10	0.1568264	-3.5077108e-05	-0.9876094	-6.876173e-17	0	304.77478
6.08202272369023e-10	0.15682223	-2.557639e-05	-0.9876101	-6.876174e-17	0	304.77478
6.092120750109279e-10	0.15681984	-1.5689133e-05	-0.9876104	-6.876174e-17	0	304.77478
6.102261596065568e-10	0.15681921	-5.7245247e-06	-0.98761046	-6.876174e-17	0	304.77478
6.112427902819379e-10	0.1568203	3.9927345e-06	-0.9876103	-6.876173e-17	0	304.77478
6.119883237192633e-10	0.15682214	1.0778167e-05	-0.9876099	-6.8761724e-17	0	304.77478
6.119883237192633e-10	0.15682214	1.0778167e-05	-0.9876099	-6.885641e-17	0	304.3204
6.130345147466822e-10	0.15681869	-1.1009186e-05	-0.98761046	-6.885642e-17	0	304.3204
6.141091102460242e-10	0.15681133	-3.1736137e-05	-0.98761165	-6.8856427e-17	0	304.3204
6.151640531950533e-10	0.15680079	-4.986416e-05	-0.9876133	-6.8856413e-17	0	304.3204
6.161893704610398e-10	0.15678792	-6.4917505e-05	-0.9876153	-6.8856413e-17	0	304.3204
6.171980857516264e-10	0.15677328	-7.69336e-05	-0.98761773	-6.885642e-17	0	304.3204
6.182040270019811e-10	0.15675728	-8.594328e-05	-0.98762023	-6.885642e-17	0	304.3204
6.192141973860097e-10	0.15674037	-9.1893475e-05	-0.98762286	-6.8856427e-17	0	304.3204
6.202288622259347e-10	0.15672307	-9.473341e-05	-0.9876255	-6.885642e-17	0	304.3204
6.212455978499469e-10	0.156706	-9.4513925e-05	-0.9876283	-6.885641e-17	0	304.3204
6.219883237192633e-10	0.156694	-9.251183e-05	-0.9876302	-6.885642e-17	0	304.3204
6.219883237192633e-10	0.156694	-9.251183e-05	-0.9876302	-6.8942096e-17	0	303.90927
6.230350877110553e-10	0.15667138	-0.0001149321	-0.9876338	-6.89421e-17	0	303.90927
6.241092651811067e-10	0.15664512	-0.00013281105	-0.987638	-6.894211e-17	0	303.90927
6.251637881344552e-10	0.15661733	-0.00014499784	-0.9876424	-6.894211e-17	0	303.90927
6.261890240118696e-10	0.15658939	-0.00015163963	-0.9876468	-6.894212e-17	0	303.90927
6.271978615700941e-10	0.15656191	-0.00015322417	-0.9876512	-6.894212e-17	0	303.90927
6.282041855232898e-10	0.15653536	-0.00015011679	-0.9876556	-6.894209e-17	0	303.90927
6.292144909939936e-10	0.15651031	-0.00014262751	-0.98765945	-6.8942096e-17	0	303.90927
6.302292003348166e-10	0.15648746	-0.0001311593	-0.9876632	-6.894212e-17	0	303.90927
6.312461461418392e-10	0.15646745	-0.000116255054	-0.98766637	-6.894212e-17	0	303.90927
6.319883237192632e-10	0.15645495	-0.000103584105	-0.9876683	-6.8942116e-17	0	303.90927
