# t (s)	mx ()	my ()	mz ()	T (K)	J (A/m^2)	Ms (A/m)
0	0	0	1	300	0	1.3e+06
5e-13	-0.15589832	0.009920799	0.9877218	300.68607	-2.1111338e+12	1.2991078e+06
1e-12	-0.15211411	0.024145732	0.98806655	303.41547	-3.0843415e+12	1.2955522e+06
1.5499999999999999e-12	-0.14738831	0.04595537	0.98800915	308.08868	-4.1810096e+12	1.2894419e+06
2.05e-12	-0.1426634	0.07239528	0.98711884	316.16162	-5.4535085e+12	1.2788174e+06
2.55e-12	-0.13768053	0.10588437	0.9847996	329.07983	-6.8445825e+12	1.26163e+06
3.0499999999999997e-12	-0.13262822	0.14681254	0.9802316	348.22446	-8.2659734e+12	1.235719e+06
3.5499999999999996e-12	-0.12768982	0.19511193	0.9724327	374.4968	-9.605437e+12	1.1992501e+06
4.05e-12	-0.122987725	0.25015497	0.960362	407.87738	-1.0740301e+13	1.1512491e+06
4.55e-12	-0.11854841	0.31069222	0.94308835	447.13712	-1.1555582e+13	1.0920972e+06
5.05e-12	-0.11432193	0.37485114	0.9200089	489.8673	-1.1963089e+13	1.02384006e+06
5.5499999999999996e-12	-0.11027374	0.44022277	0.8910907	532.88617	-1.191711e+13	950181.44
6.0499999999999995e-12	-0.10652625	0.5040642	0.85707057	572.9168	-1.1422856e+13	876094.3
6.549999999999999e-12	-0.10347891	0.5636295	0.8195192	607.30176	-1.0535485e+13	807044.06
7.049999999999999e-12	-0.101813555	0.61659396	0.7806684	634.5006	-9.349975e+12	747922.44
7.500000000000003e-12	-0.10211669	0.657404	0.7465846	654.22205	-7.984404e+12	701946.9
8.000000000000011e-12	-0.10522462	0.6945392	0.71171534	667.20483	-6.560707e+12	669961
8.500000000000019e-12	-0.11153321	0.7235381	0.68121046	674.7939	-5.187223e+12	650535.7
9.000000000000027e-12	-0.12104554	0.74546623	0.6554554	678.498	-3.9463478e+12	640840.75
9.500000000000035e-12	-0.13346024	0.76164436	0.6340968	679.6648	-2.8888956e+12	637756.25
1.0000000000000043e-11	-0.14830406	0.77335227	0.61637914	679.3224	-2.0349064e+12	638662.94
1.0500000000000051e-11	-0.16504873	0.781679	0.6014371	678.1608	-1.3792189e+12	641729.25
1.1000000000000059e-11	-0.18318808	0.78748125	0.5884754	676.594	-8.9949346e+11	645842.4
1.1500000000000067e-11	-0.20227945	0.7914	0.57684916	674.8458	-5.644675e+11	650400.8
1.2000000000000075e-11	-0.22196084	0.7938971	0.5660783	673.0263	-3.4084428e+11	655111.56
1.2500000000000083e-11	-0.24195187	0.7952948	0.55582994	671.18463	-1.980383e+11	659845.4
1.3000000000000091e-11	-0.2620455	0.7958125	0.54588807	669.34094	-1.1071806e+11	664550.7
1.3500000000000099e-11	-0.28209493	0.79559654	0.5361204	667.5027	-5.956126e+10	669209.1
1.4000000000000107e-11	-0.30199933	0.7947446	0.52645147	665.6725	-3.0830842e+10	673815.25
1.4500000000000115e-11	-0.3216908	0.7933225	0.51684153	663.8511	-1.5356172e+10	678368.2
1.500000000000011e-11	-0.3411212	0.7913778	0.507272	661.85815	-6.823297e+09	683315
1.55000000000001e-11	-0.3602561	0.7889478	0.49773577	659.6967	-2.6705477e+09	688639.94
1.6000000000000093e-11	-0.37908158	0.7860572	0.48823327	658.6209	-1.636336e+09	691275.2
1.6500000000000085e-11	-0.39758074	0.7827314	0.47876695	656.4788	-5.893251e+08	696492.4
1.7000000000000077e-11	-0.4157344	0.77899784	0.46934015	654.3495	-2.0079598e+08	701639.94
1.750000000000007e-11	-0.4335383	0.77487564	0.45995763	653.2897	-1.1479531e+08	704188.2
1.800000000000006e-11	-0.4509834	0.77038735	0.45062375	651.1794	-3.5991556e+07	709234.5
1.8500000000000052e-11	-0.46805656	0.7655588	0.44134203	649.0818	-1.067566e+07	714215.4
1.9000000000000044e-11	-0.48475733	0.760408	0.43211704	648.03766	-5.694569e+06	716681.75
1.9500000000000036e-11	-0.50108045	0.7549568	0.42295238	645.9588	-1.5542874e+06	721567.25
2.0000000000000028e-11	-0.51701677	0.7492301	0.41385102	643.89233	-401346.44	726391
2.050000000000002e-11	-0.5325685	0.74324536	0.40481642	642.8638	-199748.05	728780.1
2.100000000000001e-11	-0.5477333	0.7370233	0.39585155	640.8158	-47462.105	733513.9
2.1500000000000003e-11	-0.56250536	0.73058766	0.38695848	638.7801	-10669.132	738189.25
2.2049999999999994e-11	-0.57830423	0.7232828	0.37726215	637.7668	-4954.379	740505.44
2.2549999999999986e-11	-0.592262	0.71645397	0.36852837	635.74927	-1024.8203	745095.7
2.3049999999999978e-11	-0.60582876	0.7094716	0.35987273	633.7438	-200.55052	749630.56
2.354999999999997e-11	-0.61900663	0.7023536	0.35129696	632.74554	-86.89223	751877.7
2.404999999999996e-11	-0.63180536	0.6951113	0.34280333	630.758	-15.647083	756331.9
2.4549999999999953e-11	-0.64422077	0.6877682	0.33439195	628.78235	-2.665652	760733.6
2.5049999999999945e-11	-0.65625685	0.68034124	0.32606384	627.79895	-1.0776001	762915.1
2.5549999999999937e-11	-0.6679239	0.67284	0.31782058	625.841	-0.16892895	767240.1
2.604999999999993e-11	-0.67922026	0.6652863	0.30966175	623.8947	-0.025053486	771515.3
2.654999999999992e-11	-0.6901509	0.6576952	0.30158776	622.9259	-0.009449728	773634.5
2.7049999999999912e-11	-0.7007268	0.6500747	0.2935995	620.9971	-0.0012896141	777836.7
2.7549999999999904e-11	-0.71094775	0.6424451	0.28569606	619.0797	-0.0001665014	781991.44
2.8049999999999896e-11	-0.7208201	0.63481915	0.2778774	618.1253	-5.8595735e-05	784051.25
2.8549999999999888e-11	-0.73035455	0.6272041	0.2701437	616.22516	-6.9614625e-06	788136.44
2.904999999999988e-11	-0.7395525	0.6196178	0.2624938	614.3363	-7.824427e-07	792176.3
2.95499999999999e-11	-0.74842393	0.6120677	0.25492746	612.7705	-1.2134346e-07	795509.75
3.0049999999999925e-11	-0.75697327	0.6045672	0.24744365	611.21246	-1.8107407e-08	798812.75
3.054999999999995e-11	-0.76520735	0.5971269	0.24004136	609.66223	-2.5999936e-09	802085.8
3.104999999999997e-11	-0.7731329	0.58975697	0.23271947	608.1197	-3.592232e-10	805329.4
3.155e-11	-0.78075665	0.582467	0.22547677	606.58484	-4.7756514e-11	808543.9
3.200000000000002e-11	-0.7873653	0.57598245	0.21902488	605.0577	-6.1090963e-12	811729.7
3.250000000000004e-11	-0.7944343	0.5688695	0.21192881	603.5381	-7.519647e-13	814887.3
3.300000000000007e-11	-0.8012212	0.5618618	0.20490766	602.02606	-8.906232e-14	818017.06
3.350000000000009e-11	-0.8077326	0.55496764	0.19795977	600.5216	-1.0150015e-14	821119.4
3.4000000000000115e-11	-0.81397533	0.5481943	0.19108337	599.0246	-1.113052e-15	824194.7
3.450000000000014e-11	-0.81995565	0.5415491	0.18427657	597.53503	-1.1744658e-16	827243.3
3.5000000000000163e-11	-0.8256803	0.53503877	0.17753743	596.0529	-1.1924533e-17	830265.7
3.550000000000019e-11	-0.83115554	0.5286697	0.17086387	594.5782	-1.1649801e-18	833262.06
3.600000000000021e-11	-0.83638763	0.5224483	0.16425379	593.11084	-1.0951454e-19	836232.9
3.6500000000000236e-11	-0.84138256	0.51638	0.1577049	591.65076	-9.906064e-21	839178.44
3.700000000000026e-11	-0.8461464	0.51047057	0.151215	590.19794	-8.621972e-22	842099.1
3.7500000000000284e-11	-0.8506845	0.5047253	0.14478166	588.7524	-7.220847e-23	844995.25
3.800000000000031e-11	-0.85500306	0.49914902	0.13840246	587.314	-5.818966e-24	847867.1
3.850000000000033e-11	-0.8591069	0.49374664	0.1320749	585.8828	-4.5121093e-25	850715.06
3.9000000000000356e-11	-0.8630016	0.48852253	0.1257964	584.45874	-3.3665844e-26	853539.4
3.950000000000038e-11	-0.86669177	0.4834812	0.119564295	583.04175	-2.4169937e-27	856340.4
4.0000000000000405e-11	-0.8701825	0.47862655	0.113375925	581.63184	-1.669697e-28	859118.4
4.050000000000043e-11	-0.8734782	0.4739626	0.10722855	580.22894	-1.10987965e-29	861873.6
4.100000000000045e-11	-0.87658304	0.46949312	0.101119295	578.833	-7.0988866e-31	864606.5
4.150000000000048e-11	-0.8795014	0.46522173	0.09504534	577.4441	-4.3689866e-32	867317.1
4.20000000000005e-11	-0.88223654	0.4611518	0.08900375	576.062	-2.587303e-33	870005.94
4.2500000000000525e-11	-0.8847927	0.45728663	0.08299154	574.6869	-1.474314e-34	872673.06
4.300000000000055e-11	-0.88717264	0.45362952	0.0770057	573.3186	-8.083673e-36	875318.9
4.3500000000000574e-11	-0.88937986	0.4501835	0.071043134	571.9571	-4.264849e-37	877943.6
4.40000000000006e-11	-0.89141655	0.4469516	0.06510072	570.6024	-2.1650838e-38	880547.5
4.450000000000062e-11	-0.8932858	0.44393668	0.059175286	569.25446	-1.0576e-39	883130.75
4.5000000000000646e-11	-0.8949894	0.44114152	0.05326361	567.9132	-4.971e-41	885693.75
4.550000000000067e-11	-0.8965294	0.43856883	0.047362406	566.5787	-2.248e-42	888236.56
4.6000000000000694e-11	-0.89790744	0.43622142	0.04146837	565.25073	-9.8e-44	890759.5
4.650000000000072e-11	-0.8991247	0.43410176	0.035578124	563.92944	-4e-45	893262.8
4.700000000000074e-11	-0.90018225	0.4322124	0.02968827	562.61475	-0	895746.75
4.7500000000000767e-11	-0.90108085	0.43055597	0.023795342	561.3066	-0	898211.44
4.800000000000079e-11	-0.9018207	0.42913485	0.017895838	560.0049	-0	900657.2
4.8500000000000815e-11	-0.90240186	0.42795137	0.01198621	558.7097	-0	903084.2
4.900000000000084e-11	-0.9028238	0.427008	0.0060628667	557.421	-0	905492.6
4.950000000000086e-11	-0.90308625	0.42630708	0.00012217075	556.13873	-0	907882.75
5.000000000000089e-11	-0.9031876	0.4258509	-0.0058395597	554.86285	-0	910254.7
5.050000000000091e-11	-0.9031269	0.4256417	-0.011826051	553.59326	-0	912608.75
5.1000000000000935e-11	-0.9029019	0.4256816	-0.01784107	552.33	-0	914945.06
5.150000000000096e-11	-0.90251046	0.42597294	-0.023888433	551.0731	-0	917263.8
5.2000000000000984e-11	-0.9019502	0.42651772	-0.029971993	549.82245	-0	919565.2
5.250000000000101e-11	-0.90121776	0.4273181	-0.036095645	548.578	-0	921849.44
5.300000000000103e-11	-0.9003097	0.428376	-0.04226333	547.3397	-0	924116.7
5.3500000000001056e-11	-0.8992222	0.42969343	-0.048479024	546.10767	-0	926367.1
5.400000000000108e-11	-0.8979509	0.43127215	-0.05474674	544.8817	-0	928600.94
5.4500000000001104e-11	-0.89649045	0.43311402	-0.061070543	543.6619	-0	930818.3
5.500000000000113e-11	-0.89483595	0.43522063	-0.067454524	542.4481	-0	933019.44
5.550000000000115e-11	-0.8929814	0.43759358	-0.073902786	541.2404	-0	935204.44
5.6000000000001177e-11	-0.8909202	0.44023424	-0.0804195	540.03876	-0	937373.5
5.65000000000012e-11	-0.8886455	0.44314387	-0.08700886	538.843	-0	939526.75
5.7000000000001225e-11	-0.88615	0.44632336	-0.09367506	537.65326	-0	941664.44
5.750000000000125e-11	-0.8834253	0.44977388	-0.10042236	536.4695	-0	943786.6
5.800000000000127e-11	-0.8804628	0.45349562	-0.10725499	535.2915	-0	945893.56
5.85000000000013e-11	-0.8772534	0.45748925	-0.11417723	534.11945	-0	947985.3
5.900000000000132e-11	-0.8737873	0.46175468	-0.12119335	532.95325	-0	950062.1
5.950000000000135e-11	-0.8700536	0.4662916	-0.12830764	531.79285	-0	952124.06
6.000000000000137e-11	-0.8660415	0.4710993	-0.13552438	530.6382	-0	954171.3
6.05000000000014e-11	-0.86173904	0.4761767	-0.14284784	529.4893	-0	956204
6.100000000000142e-11	-0.85713375	0.48152217	-0.15028228	528.3462	-0	958222.3
6.150000000000144e-11	-0.8522125	0.48713368	-0.1578319	527.2087	-0	960226.3
6.200000000000147e-11	-0.8469614	0.4930084	-0.16550095	526.0769	-0	962216.25
6.250000000000149e-11	-0.8413661	0.49914303	-0.17329353	524.95074	-0	964192.1
6.300000000000151e-11	-0.8354112	0.50553346	-0.1812138	523.8302	-0	966154.2
6.350000000000154e-11	-0.8290809	0.51217484	-0.1892657	522.7152	-0	968102.56
6.400000000000156e-11	-0.8223585	0.51906157	-0.19745325	521.60583	-0	970037.3
6.450000000000159e-11	-0.8152271	0.52618676	-0.20578021	520.5019	-0	971958.56
6.500000000000161e-11	-0.80766845	0.5335428	-0.21425036	519.4035	-0	973866.56
6.550000000000163e-11	-0.7996641	0.5411209	-0.22286731	518.3106	-0	975761.3
6.600000000000166e-11	-0.791195	0.5489108	-0.23163445	517.22314	-0	977643
6.650000000000168e-11	-0.78224164	0.5569013	-0.24055508	516.1411	-0	979511.7
6.700000000000171e-11	-0.7727836	0.56507957	-0.2496323	515.0644	-0	981367.56
6.750000000000173e-11	-0.7628004	0.573431	-0.2588689	513.9931	-0	983210.7
6.800000000000176e-11	-0.7522711	0.5819398	-0.26826754	512.9271	-0	985041.25
6.850000000000178e-11	-0.74117416	0.590588	-0.27783054	511.8665	-0	986859.3
6.90000000000018e-11	-0.72948825	0.5993559	-0.28755987	510.81113	-0	988664.94
6.950000000000183e-11	-0.71719164	0.6082216	-0.2974573	509.76102	-0	990458.4
7.000000000000185e-11	-0.7042628	0.61716115	-0.30752406	508.71613	-0	992239.6
7.050000000000188e-11	-0.6906802	0.62614846	-0.31776112	507.67645	-0	994008.9
7.10000000000019e-11	-0.6764227	0.6351546	-0.32816887	506.64194	-0	995766.2
7.150000000000192e-11	-0.6614697	0.6441485	-0.33874738	505.61258	-0	997511.6
7.200000000000195e-11	-0.6458012	0.6530962	-0.34949598	504.58838	-0	999245.4
7.250000000000197e-11	-0.62939787	0.661961	-0.36041367	503.56924	-0	1.0009675e+06
7.3000000000002e-11	-0.61224204	0.6707033	-0.37149858	502.5552	-0	1.0026781e+06
7.350000000000202e-11	-0.5943168	0.67928046	-0.38274837	501.5462	-0	1.0043773e+06
7.400000000000205e-11	-0.57560736	0.6876469	-0.39415985	500.54227	-0	1.0060652e+06
7.450000000000207e-11	-0.5561006	0.69575393	-0.40572926	499.54327	-0	1.0077419e+06
7.500000000000209e-11	-0.5357856	0.70354944	-0.4174517	498.54932	-0	1.00940744e+06
7.550000000000212e-11	-0.5146543	0.7109784	-0.42932177	497.56027	-0	1.01106194e+06
7.600000000000214e-11	-0.49270126	0.7179823	-0.44133288	496.57614	-0	1.01270556e+06
7.650000000000217e-11	-0.46992457	0.7245	-0.45347765	495.59695	-0	1.0143384e+06
7.700000000000219e-11	-0.44632602	0.73046696	-0.46574757	494.62262	-0	1.0159604e+06
7.750000000000221e-11	-0.42191133	0.73581594	-0.4781332	493.65314	-0	1.0175718e+06
7.800000000000224e-11	-0.39669093	0.74047685	-0.49062386	492.6885	-0	1.0191726e+06
7.850000000000226e-11	-0.37068018	0.7443773	-0.5032078	491.72867	-0	1.020763e+06
7.900000000000229e-11	-0.34389964	0.7474427	-0.5158722	490.7736	-0	1.022343e+06
7.950000000000231e-11	-0.31637594	0.7495968	-0.5286027	489.8233	-0	1.02391275e+06
8.000000000000233e-11	-0.28814167	0.7507618	-0.54138416	488.87772	-0	1.02547225e+06
8.050000000000236e-11	-0.25923625	0.7508592	-0.55419993	487.93686	-0	1.0270216e+06
8.100000000000238e-11	-0.22970599	0.74981046	-0.5670323	487.0007	-0	1.02856094e+06
8.150000000000241e-11	-0.19960463	0.7475369	-0.5798621	486.06918	-0	1.0300904e+06
8.200000000000243e-11	-0.16899359	0.7439616	-0.5926692	485.1423	-0	1.0316099e+06
8.250000000000246e-11	-0.13794215	0.7390089	-0.60543233	484.22006	-0	1.0331196e+06
8.300000000000248e-11	-0.10652775	0.7326065	-0.61812896	483.3024	-0	1.0346197e+06
8.35000000000025e-11	-0.07483602	0.72468513	-0.6307356	482.3893	-0	1.03611006e+06
8.400000000000253e-11	-0.042960834	0.71518075	-0.6432276	481.48077	-0	1.03759094e+06
8.450000000000255e-11	-0.011004176	0.7040345	-0.6555796	480.57678	-0	1.0390623e+06
8.500000000000258e-11	0.020924034	0.69119406	-0.6677656	479.67725	-0	1.0405243e+06
8.55000000000026e-11	0.052706305	0.6766147	-0.67975885	478.78223	-0	1.041977e+06
8.600000000000262e-11	0.08421802	0.66026056	-0.6915318	477.89166	-0	1.04342044e+06
8.650000000000265e-11	0.11532806	0.6421052	-0.70305693	477.00552	-0	1.0448547e+06
8.700000000000267e-11	0.1458996	0.6221329	-0.7143064	476.1238	-0	1.0462799e+06
8.75000000000027e-11	0.17579089	0.6003391	-0.7252522	475.2465	-0	1.047696e+06
8.800000000000272e-11	0.20485649	0.57673186	-0.7358667	474.37354	-0	1.0491032e+06
8.850000000000274e-11	0.23294818	0.55133206	-0.7461224	473.5049	-0	1.0505015e+06
8.900000000000277e-11	0.25991654	0.5241741	-0.7559928	472.64062	-0	1.051891e+06
8.950000000000279e-11	0.28561202	0.4953066	-0.76545167	471.78064	-0	1.0532718e+06
9.000000000000282e-11	0.3098868	0.46479243	-0.7744742	470.92496	-0	1.0546439e+06
9.050000000000284e-11	0.33259597	0.43270883	-0.7830365	470.07352	-0	1.0560074e+06
9.100000000000287e-11	0.3535995	0.3991475	-0.7911162	469.22635	-0	1.0573622e+06
9.150000000000289e-11	0.37276348	0.36421433	-0.7986929	468.38336	-0	1.0587088e+06
9.200000000000291e-11	0.3899621	0.32802868	-0.8057476	467.5446	-0	1.0600469e+06
9.250000000000294e-11	0.40507898	0.2907227	-0.81226367	466.71002	-0	1.0613765e+06
9.300000000000296e-11	0.41800874	0.25244093	-0.81822646	465.87958	-0	1.062698e+06
9.350000000000299e-11	0.42865843	0.2133385	-0.8236239	465.05328	-0	1.0640112e+06
9.400000000000301e-11	0.43694878	0.17358027	-0.8284461	464.23108	-0	1.0653164e+06
9.450000000000303e-11	0.44281524	0.13333927	-0.83268607	463.413	-0	1.0666134e+06
9.500000000000306e-11	0.44620907	0.09279508	-0.83633935	462.599	-0	1.0679024e+06
9.550000000000308e-11	0.44709793	0.052132037	-0.83940417	461.78903	-0	1.0691834e+06
9.60000000000031e-11	0.44546637	0.011537562	-0.8418817	460.98312	-0	1.0704565e+06
9.650000000000313e-11	0.44131625	-0.02879981	-0.84377587	460.1812	-0	1.0717218e+06
9.700000000000315e-11	0.43466657	-0.06869228	-0.8450931	459.3833	-0	1.0729792e+06
9.750000000000318e-11	0.42555335	-0.107954726	-0.8458426	458.58936	-0	1.074229e+06
9.80000000000032e-11	0.41402915	-0.14640641	-0.84603643	457.79938	-0	1.0754711e+06
9.850000000000323e-11	0.40016258	-0.18387286	-0.8456886	457.01334	-0	1.0767056e+06
9.900000000000325e-11	0.38403693	-0.2201874	-0.84481615	456.2312	-0	1.0779325e+06
9.950000000000328e-11	0.3657498	-0.25519255	-0.8434379	455.45297	-0	1.079152e+06
1.000000000000033e-10	0.34541124	-0.28874165	-0.84157485	454.6786	-0	1.080364e+06
1.0050000000000332e-10	0.32314283	-0.32069966	-0.8392498	453.9081	-0	1.0815686e+06
1.0100000000000335e-10	0.29907587	-0.35094422	-0.8364875	453.14145	-0	1.0827659e+06
1.0150000000000337e-10	0.2733501	-0.37936646	-0.8333138	452.3786	-0	1.0839559e+06
1.020000000000034e-10	0.24611205	-0.40587142	-0.82975626	451.61954	-0	1.0851386e+06
1.0250000000000342e-10	0.21751347	-0.4303783	-0.8258433	450.8643	-0	1.0863142e+06
1.0300000000000344e-10	0.18770967	-0.4528208	-0.8216042	450.11276	-0	1.0874828e+06
1.0350000000000347e-10	0.15685804	-0.47314683	-0.8170691	449.36502	-0	1.0886442e+06
1.0400000000000349e-10	0.12511662	-0.49131835	-0.8122685	448.62097	-0	1.0897986e+06
1.0450000000000352e-10	0.09264275	-0.50731087	-0.8072333	447.88065	-0	1.0909461e+06
1.0500000000000354e-10	0.059591684	-0.521113	-0.8019942	447.144	-0	1.0920866e+06
1.0550000000000356e-10	0.026115615	-0.5327256	-0.79658234	446.41104	-0	1.0932204e+06
1.0600000000000359e-10	-0.007637491	-0.54216135	-0.7910284	445.68173	-0	1.0943471e+06
1.0650000000000361e-10	-0.041524697	-0.5494434	-0.7853624	444.95605	-0	1.0954672e+06
1.0700000000000364e-10	-0.07540888	-0.55460507	-0.7796145	444.23398	-0	1.0965806e+06
1.0750000000000366e-10	-0.109159335	-0.5576882	-0.77381366	443.5155	-0	1.0976874e+06
1.0800000000000369e-10	-0.14265221	-0.55874276	-0.7679886	442.8006	-0	1.0987875e+06
1.0850000000000371e-10	-0.1757709	-0.55782557	-0.7621668	442.08926	-0	1.099881e+06
1.0900000000000373e-10	-0.20840628	-0.5549994	-0.756375	441.38147	-0	1.100968e+06
1.0950000000000376e-10	-0.24045683	-0.55033225	-0.75063896	440.67722	-0	1.1020485e+06
1.1000000000000378e-10	-0.2718286	-0.54389614	-0.74498373	439.97644	-0	1.1031226e+06
1.105000000000038e-10	-0.3024352	-0.53576636	-0.73943263	439.27917	-0	1.1041904e+06
1.1100000000000383e-10	-0.33219758	-0.52602077	-0.73400867	438.5854	-0	1.1052518e+06
1.1150000000000385e-10	-0.36104396	-0.5147393	-0.7287331	437.89505	-0	1.1063068e+06
1.1200000000000388e-10	-0.38890925	-0.5020025	-0.72362643	437.20816	-0	1.1073556e+06
1.125000000000039e-10	-0.41573527	-0.4878919	-0.718708	436.5247	-0	1.1083982e+06
1.1300000000000393e-10	-0.4414697	-0.47248897	-0.7139957	435.8446	-0	1.1094346e+06
1.1350000000000395e-10	-0.46606624	-0.45587477	-0.7095068	435.16794	-0	1.110465e+06
1.1400000000000397e-10	-0.489484	-0.43812945	-0.70525706	434.4946	-0	1.1114892e+06
1.14500000000004e-10	-0.51168716	-0.41933224	-0.7012614	433.82465	-0	1.1125074e+06
1.1500000000000402e-10	-0.53264445	-0.39956078	-0.6975335	433.15802	-0	1.1135196e+06
1.1550000000000405e-10	-0.55232865	-0.3788915	-0.6940862	432.49472	-0	1.1145259e+06
1.1600000000000407e-10	-0.57071656	-0.35739887	-0.69093096	431.83472	-0	1.1155261e+06
1.1650000000000407e-10	-0.5877882	-0.3351558	-0.6880786	431.178	-0	1.1165206e+06
1.1700000000000396e-10	-0.6035259	-0.31223482	-0.68553865	430.78568	-0	1.1171144e+06
1.1750000000000386e-10	-0.61791646	-0.28870323	-0.6833199	430.00446	-0	1.1182955e+06
1.1800000000000375e-10	-0.6309473	-0.2646305	-0.6814301	429.22794	-0	1.1194684e+06
1.1850000000000365e-10	-0.6426089	-0.2400809	-0.6798761	428.8414	-0	1.1200518e+06
1.1900000000000354e-10	-0.6528931	-0.21511902	-0.67866373	428.07184	-0	1.1212124e+06
1.1950000000000344e-10	-0.6617928	-0.1898099	-0.67779815	427.30685	-0	1.1223649e+06
1.2000000000000333e-10	-0.66930306	-0.164214	-0.67728335	426.92606	-0	1.1229381e+06
1.2050000000000323e-10	-0.6754195	-0.13839248	-0.67712265	426.1679	-0	1.1240785e+06
1.2100000000000312e-10	-0.680139	-0.11240772	-0.6773182	425.4143	-0	1.1252109e+06
1.2150000000000302e-10	-0.6834594	-0.08631797	-0.67787194	425.03918	-0	1.1257742e+06
1.2200000000000291e-10	-0.6853795	-0.06018307	-0.678784	424.29233	-0	1.1268949e+06
1.225000000000028e-10	-0.6858992	-0.03406457	-0.68005437	423.5499	-0	1.1280076e+06
1.230000000000027e-10	-0.6850192	-0.008020732	-0.6816819	423.18036	-0	1.1285612e+06
1.235000000000026e-10	-0.6827414	0.017887963	-0.68366456	422.44458	-0	1.1296625e+06
1.240000000000025e-10	-0.67906904	0.04359868	-0.6859994	421.71323	-0	1.1307561e+06
1.245000000000024e-10	-0.67400664	0.0690512	-0.6886827	421.34918	-0	1.1313e+06
1.2500000000000228e-10	-0.6675601	0.09418253	-0.6917098	420.62433	-0	1.1323824e+06
1.2550000000000218e-10	-0.6597379	0.11892687	-0.695075	419.90384	-0	1.1334571e+06
1.2600000000000207e-10	-0.65054977	0.14322044	-0.6987719	419.5452	-0	1.1339918e+06
1.2650000000000197e-10	-0.64000815	0.16699648	-0.70279294	418.83115	-0	1.1350554e+06
1.2700000000000186e-10	-0.6281287	0.19018517	-0.7071298	418.12137	-0	1.1361118e+06
1.2750000000000176e-10	-0.6149293	0.21271847	-0.71177274	417.76804	-0	1.1366371e+06
1.2800000000000165e-10	-0.60043144	0.23452534	-0.71671164	417.0646	-0	1.1376826e+06
1.2850000000000155e-10	-0.5846614	0.2555319	-0.721935	416.36536	-0	1.1387208e+06
1.2900000000000144e-10	-0.5676483	0.27566624	-0.7274302	416.0173	-0	1.1392372e+06
1.2950000000000134e-10	-0.5494261	0.29485372	-0.7331839	415.32434	-0	1.1402648e+06
1.3000000000000123e-10	-0.5300349	0.3130179	-0.73918134	414.6355	-0	1.1412852e+06
1.3050000000000113e-10	-0.5095186	0.3300845	-0.7454068	414.2926	-0	1.1417929e+06
1.3100000000000102e-10	-0.4879274	0.34597784	-0.75184375	413.60992	-0	1.1428029e+06
1.3150000000000092e-10	-0.46531874	0.3606218	-0.75847375	412.93134	-0	1.143806e+06
1.320000000000008e-10	-0.4417544	0.3739432	-0.76527846	412.59354	-0	1.144305e+06
1.325000000000007e-10	-0.41730392	0.3858695	-0.77223736	411.92102	-0	1.1452978e+06
1.330000000000006e-10	-0.39204484	0.3963294	-0.77932924	411.2525	-0	1.1462838e+06
1.335000000000005e-10	-0.36605954	0.4052565	-0.78653234	410.91974	-0	1.1467742e+06
1.340000000000004e-10	-0.3394386	0.4125872	-0.7938233	410.2572	-0	1.1477502e+06
1.3450000000000029e-10	-0.31228125	0.41826156	-0.801178	409.59863	-0	1.1487196e+06
1.3500000000000018e-10	-0.284691	0.4222269	-0.80857164	409.2708	-0	1.1492018e+06
1.3550000000000007e-10	-0.25677973	0.42443585	-0.8159789	408.61813	-0	1.1501611e+06
1.3604999999999996e-10	-0.22584882	0.42478913	-0.8241109	407.96933	-0	1.1511141e+06
1.3654999999999985e-10	-0.19765748	0.4231885	-0.8314603	407.6464	-0	1.1515881e+06
1.3704999999999975e-10	-0.16952941	0.41973552	-0.8387407	407.00342	-0	1.1525314e+06
1.3754999999999964e-10	-0.14160213	0.41441756	-0.8459246	406.36426	-0	1.1534681e+06
1.3804999999999954e-10	-0.11401437	0.40723383	-0.852985	406.04614	-0	1.1539341e+06
1.3854999999999943e-10	-0.08690558	0.39819497	-0.85989493	405.41272	-0	1.1548615e+06
1.3904999999999933e-10	-0.060421508	0.3873232	-0.86662763	404.78305	-0	1.1557825e+06
1.3954999999999922e-10	-0.03470614	0.3746538	-0.8731573	404.46967	-0	1.1562408e+06
1.4004999999999912e-10	-0.009900653	0.36023477	-0.8794591	403.84564	-0	1.1571524e+06
1.4054999999999901e-10	0.013851692	0.3441275	-0.88550836	403.22537	-0	1.158058e+06
1.410499999999989e-10	0.036413446	0.32640648	-0.8912825	402.91663	-0	1.1585085e+06
1.415499999999988e-10	0.057653964	0.30715877	-0.89676017	402.30188	-0	1.1594049e+06
1.420499999999987e-10	0.07744555	0.28648514	-0.9019213	401.69083	-0	1.1602952e+06
1.425499999999986e-10	0.09567054	0.26449797	-0.90674776	401.38666	-0	1.1607381e+06
1.430499999999985e-10	0.112222165	0.24132037	-0.91122353	400.78107	-0	1.1616195e+06
1.4354999999999838e-10	0.12700158	0.21708734	-0.9153345	400.1791	-0	1.162495e+06
1.4404999999999828e-10	0.13992372	0.19194266	-0.9190687	399.87946	-0	1.1629305e+06
1.4454999999999817e-10	0.15091757	0.16603693	-0.92241627	399.28287	-0	1.1637972e+06
1.4504999999999807e-10	0.15992427	0.13952945	-0.92537034	398.68985	-0	1.164658e+06
1.4554999999999796e-10	0.16690096	0.112583585	-0.9279254	398.39465	-0	1.1650862e+06
1.4604999999999786e-10	0.1718205	0.08536493	-0.9300794	397.80695	-0	1.1659385e+06
1.4654999999999775e-10	0.17467038	0.05804291	-0.931832	397.22272	-0	1.166785e+06
1.4704999999999765e-10	0.17545441	0.030785818	-0.93318576	396.93192	-0	1.1672061e+06
1.4754999999999754e-10	0.17419171	0.0037591828	-0.9341454	396.35294	-0	1.1680441e+06
1.4804999999999744e-10	0.17091642	-0.022872841	-0.93471783	395.7774	-0	1.1688765e+06
1.4854999999999733e-10	0.16567731	-0.048952118	-0.93491244	395.49094	-0	1.1692906e+06
1.4904999999999723e-10	0.15853629	-0.07432778	-0.93474084	394.92056	-0	1.1701148e+06
1.4954999999999712e-10	0.14956865	-0.0988549	-0.93421656	394.35358	-0	1.1709334e+06
1.5004999999999702e-10	0.13886112	-0.12239836	-0.9333549	394.07138	-0	1.1713406e+06
1.505499999999969e-10	0.12651005	-0.14483353	-0.93217295	393.5095	-0	1.172151e+06
1.510499999999968e-10	0.11262231	-0.16604513	-0.93068963	392.95093	-0	1.172956e+06
1.515499999999967e-10	0.09731223	-0.18592988	-0.9289246	392.6729	-0	1.1733565e+06
1.520499999999966e-10	0.08069953	-0.2043966	-0.9268994	392.1194	-0	1.1741535e+06
1.525499999999965e-10	0.06291132	-0.22136545	-0.924636	391.56912	-0	1.1749452e+06
1.5304999999999639e-10	0.044077802	-0.23676915	-0.9221575	391.29526	-0	1.1753391e+06
1.5354999999999628e-10	0.024330769	-0.25055277	-0.9194876	390.74994	-0	1.176123e+06
1.5404999999999617e-10	0.0038060613	-0.26267314	-0.9166502	390.2079	-0	1.1769016e+06
1.5454999999999607e-10	-0.017361023	-0.27309912	-0.91366976	389.93805	-0	1.177289e+06
1.5504999999999596e-10	-0.03903698	-0.28181082	-0.9105711	389.40085	-0	1.1780599e+06
1.5554999999999586e-10	-0.061087042	-0.2887997	-0.90737826	388.86685	-0	1.1788258e+06
1.5604999999999575e-10	-0.08337993	-0.2940677	-0.9041158	388.60104	-0	1.1792068e+06
1.5654999999999565e-10	-0.10578871	-0.2976261	-0.90080804	388.0718	-0	1.1799649e+06
1.5704999999999554e-10	-0.12818737	-0.29949665	-0.8974785	387.54575	-0	1.1807181e+06
1.5754999999999544e-10	-0.15045547	-0.29970932	-0.89415056	387.2839	-0	1.1810929e+06
1.5804999999999533e-10	-0.17247863	-0.2983013	-0.89084655	386.76254	-0	1.1818386e+06
1.5854999999999523e-10	-0.194145	-0.2953189	-0.88758874	386.24432	-0	1.1825795e+06
1.5904999999999512e-10	-0.21534956	-0.29081437	-0.8843978	385.98636	-0	1.1829481e+06
1.5954999999999502e-10	-0.23599423	-0.2848449	-0.88129413	385.47275	-0	1.1836816e+06
1.6004999999999491e-10	-0.25598454	-0.27747527	-0.87829685	384.96222	-0	1.1844102e+06
1.605499999999948e-10	-0.27523333	-0.2687741	-0.87542397	384.70807	-0	1.1847729e+06
1.610499999999947e-10	-0.29366067	-0.25881287	-0.87269294	384.20212	-0	1.1854944e+06
1.615499999999946e-10	-0.3111908	-0.24766928	-0.8701193	383.69916	-0	1.1862111e+06
1.620499999999945e-10	-0.32775527	-0.23542301	-0.8677181	383.44882	-0	1.1865678e+06
1.625499999999944e-10	-0.34329262	-0.22215484	-0.8655031	382.95038	-0	1.1872775e+06
1.6304999999999428e-10	-0.35774583	-0.20795073	-0.8634864	382.4549	-0	1.1879825e+06
1.6354999999999418e-10	-0.37106484	-0.19289699	-0.8616794	382.20828	-0	1.1883332e+06
1.6404999999999407e-10	-0.38320622	-0.17707995	-0.86009216	381.71722	-0	1.1890314e+06
1.6454999999999397e-10	-0.394131	-0.16059001	-0.85873336	381.22913	-0	1.189725e+06
1.6504999999999386e-10	-0.40380672	-0.14351697	-0.8576105	380.98618	-0	1.19007e+06
1.6554999999999376e-10	-0.41220716	-0.12594949	-0.85672975	380.50244	-0	1.1907569e+06
1.6604999999999365e-10	-0.41931036	-0.10797987	-0.8560961	380.02158	-0	1.1914391e+06
1.6654999999999355e-10	-0.42510086	-0.08969883	-0.8557129	379.78223	-0	1.1917785e+06
1.6704999999999344e-10	-0.4295683	-0.071195245	-0.8555831	379.3057	-0	1.1924541e+06
1.6754999999999334e-10	-0.43270758	-0.052561123	-0.85570717	378.83197	-0	1.1931252e+06
1.6804999999999323e-10	-0.43451878	-0.03388624	-0.8560854	378.5962	-0	1.1934592e+06
1.6854999999999313e-10	-0.43500757	-0.0152579835	-0.85671633	378.12674	-0	1.1941238e+06
1.6904999999999302e-10	-0.43418437	0.0032337096	-0.8575971	377.66006	-0	1.194784e+06
1.6954999999999292e-10	-0.43206507	0.021501668	-0.8587241	377.4278	-0	1.1951126e+06
1.700499999999928e-10	-0.42867038	0.039461616	-0.8600924	376.9653	-0	1.1957664e+06
1.705499999999927e-10	-0.42402664	0.05702741	-0.8616957	376.50558	-0	1.196416e+06
1.710499999999926e-10	-0.418165	0.07411628	-0.8635269	376.27676	-0	1.1967391e+06
1.715499999999925e-10	-0.41112146	0.09064889	-0.86557716	375.82114	-0	1.1973824e+06
1.720499999999924e-10	-0.40293774	0.106544934	-0.8678374	375.36826	-0	1.1980214e+06
1.7254999999999229e-10	-0.39366063	0.12172818	-0.8702967	375.14282	-0	1.1983394e+06
1.7304999999999218e-10	-0.383341	0.13612658	-0.872944	374.694	-0	1.1989722e+06
1.7354999999999207e-10	-0.37203628	0.14966823	-0.87576634	374.24783	-0	1.1996009e+06
1.7404999999999197e-10	-0.35980824	0.1622862	-0.8787503	374.02576	-0	1.1999138e+06
1.7454999999999186e-10	-0.34672257	0.17391862	-0.881882	373.5836	-0	1.2005364e+06
1.7504999999999176e-10	-0.33285156	0.1845052	-0.885146	373.14407	-0	1.2011549e+06
1.7554999999999165e-10	-0.31827122	0.19399172	-0.8885265	372.9253	-0	1.2014626e+06
1.7604999999999155e-10	-0.30306113	0.20232996	-0.89200705	372.48972	-0	1.2020752e+06
1.7654999999999144e-10	-0.28730676	0.20947511	-0.89557076	372.0567	-0	1.2026838e+06
1.7704999999999134e-10	-0.27109656	0.21538934	-0.8992	371.8412	-0	1.2029866e+06
1.7754999999999123e-10	-0.25452167	0.22004206	-0.90287656	371.41208	-0	1.2035892e+06
1.7804999999999113e-10	-0.23767796	0.2234077	-0.9065825	370.98553	-0	1.2041881e+06
1.7854999999999102e-10	-0.2206631	0.22546872	-0.9102993	370.7732	-0	1.204486e+06
1.7904999999999092e-10	-0.20357578	0.22621594	-0.91400844	370.35046	-0	1.205079e+06
1.7954999999999081e-10	-0.18651803	0.22564645	-0.9176914	369.93027	-0	1.2056681e+06
1.800499999999907e-10	-0.1695917	0.2237662	-0.92132974	369.7211	-0	1.2059614e+06
1.805499999999906e-10	-0.15289782	0.22059011	-0.9249056	369.30466	-0	1.2065448e+06
1.810499999999905e-10	-0.13653855	0.21614034	-0.92840093	368.8907	-0	1.2071245e+06
1.815499999999904e-10	-0.120613664	0.21044824	-0.93179893	368.68463	-0	1.2074129e+06
1.820499999999903e-10	-0.10521987	0.2035538	-0.9350827	368.27435	-0	1.207987e+06
1.8254999999999018e-10	-0.09045248	0.19550471	-0.9382364	367.86655	-0	1.2085574e+06
1.8304999999999008e-10	-0.076402	0.1863573	-0.94124514	367.66357	-0	1.2088412e+06
1.8354999999998997e-10	-0.06315359	0.17617573	-0.944095	367.2594	-0	1.2094061e+06
1.8404999999998987e-10	-0.05078835	0.16503127	-0.9467729	366.85767	-0	1.2099674e+06
1.8454999999998976e-10	-0.039380357	0.15300237	-0.949267	366.65768	-0	1.2102466e+06
1.8504999999998966e-10	-0.028996274	0.14017378	-0.9515669	366.25952	-0	1.2108025e+06
1.8554999999998955e-10	-0.019696325	0.1266359	-0.9536633	365.86374	-0	1.2113549e+06
1.8604999999998945e-10	-0.0115319835	0.112484045	-0.95554847	365.66675	-0	1.2116296e+06
1.8654999999998934e-10	-0.0045457752	0.097817644	-0.95721585	365.2745	-0	1.2121766e+06
1.8704999999998924e-10	0.0012279295	0.08273944	-0.958661	364.8846	-0	1.2127201e+06
1.8754999999998913e-10	0.0057644947	0.06735449	-0.95988005	364.69055	-0	1.2129905e+06
1.8804999999998903e-10	0.009048893	0.051769163	-0.96087146	364.30414	-0	1.2135288e+06
1.8854999999998892e-10	0.011075137	0.036090504	-0.96163493	363.92004	-0	1.2140635e+06
1.8904999999998882e-10	0.011846995	0.020424996	-0.96217173	363.72888	-0	1.2143296e+06
1.895499999999887e-10	0.011377591	0.004877622	-0.9624841	363.3482	-0	1.2148592e+06
1.900499999999886e-10	0.009688985	-0.010448714	-0.9625768	362.96982	-0	1.2153855e+06
1.905499999999885e-10	0.0068121217	-0.025454363	-0.9624551	362.7815	-0	1.2156474e+06
1.910499999999884e-10	0.0027861297	-0.040043663	-0.9621258	362.4065	-0	1.2161686e+06
1.915499999999883e-10	-0.0023418707	-0.054125514	-0.961597	362.03372	-0	1.2166865e+06
1.9204999999998819e-10	-0.008517544	-0.06761426	-0.9608781	361.84818	-0	1.2169442e+06
1.9254999999998808e-10	-0.015680203	-0.08043012	-0.9599793	361.47876	-0	1.2174571e+06
1.9304999999998798e-10	-0.023762777	-0.092499815	-0.9589122	361.11154	-0	1.2179668e+06
1.9354999999998787e-10	-0.032693148	-0.10375694	-0.95768875	360.92874	-0	1.2182204e+06
1.9404999999998776e-10	-0.04239507	-0.11414221	-0.956322	360.56482	-0	1.2187251e+06
1.9454999999998766e-10	-0.052787885	-0.123603925	-0.95482576	360.20303	-0	1.2192266e+06
1.9504999999998755e-10	-0.063788265	-0.13209808	-0.95321393	360.02298	-0	1.2194762e+06
1.9554999999998745e-10	-0.07531103	-0.13958804	-0.95150125	359.66446	-0	1.219973e+06
1.9604999999998734e-10	-0.08726872	-0.14604545	-0.94970274	359.30807	-0	1.2204666e+06
1.9654999999998724e-10	-0.09957342	-0.15144943	-0.94783354	359.13068	-0	1.2207122e+06
1.9704999999998713e-10	-0.112137556	-0.15578628	-0.94590867	358.7775	-0	1.2212011e+06
1.9754999999998703e-10	-0.12487321	-0.15905045	-0.9439437	358.4264	-0	1.2216869e+06
1.9804999999998692e-10	-0.13769399	-0.16124323	-0.9419534	358.25165	-0	1.2219286e+06
1.9854999999998682e-10	-0.15051563	-0.16237234	-0.939953	357.90372	-0	1.2224098e+06
1.9904999999998671e-10	-0.16325517	-0.16245297	-0.9379571	357.55783	-0	1.2228878e+06
1.995499999999866e-10	-0.17583281	-0.1615062	-0.93598014	357.38568	-0	1.2231256e+06
2.000499999999865e-10	-0.18817225	-0.15955842	-0.9340357	357.0429	-0	1.2235991e+06
2.005499999999864e-10	-0.20019977	-0.1566426	-0.932137	356.70218	-0	1.2240698e+06
2.010499999999863e-10	-0.2118459	-0.15279628	-0.9302975	356.5326	-0	1.2243039e+06
2.015499999999862e-10	-0.2230457	-0.14806107	-0.9285286	356.19492	-0	1.2247699e+06
2.0204999999998608e-10	-0.23373775	-0.1424841	-0.926842	355.85925	-0	1.2252329e+06
2.0254999999998598e-10	-0.24386556	-0.13611573	-0.92524827	355.69217	-0	1.2254634e+06
2.0304999999998587e-10	-0.2533776	-0.1290091	-0.9237575	355.35953	-0	1.225922e+06
2.0354999999998577e-10	-0.2622266	-0.12122179	-0.9223784	355.02887	-0	1.2263778e+06
2.0404999999998566e-10	-0.27037057	-0.1128133	-0.92111975	354.86426	-0	1.2266046e+06
2.0454999999998556e-10	-0.27777267	-0.10384461	-0.91998845	354.53656	-0	1.227056e+06
2.0504999999998545e-10	-0.28440067	-0.094380155	-0.918991	354.21082	-0	1.2275046e+06
2.0554999999998535e-10	-0.29022762	-0.08448508	-0.91813296	354.04865	-0	1.2277278e+06
2.0604999999998524e-10	-0.29523185	-0.07422485	-0.9174189	353.72583	-0	1.2281721e+06
2.0654999999998514e-10	-0.29939622	-0.06366737	-0.9168525	353.4049	-0	1.2286136e+06
2.0704999999998503e-10	-0.30270892	-0.05288021	-0.91643643	353.24518	-0	1.2288334e+06
2.0754999999998493e-10	-0.30516306	-0.04193022	-0.91617244	352.92712	-0	1.2292706e+06
2.0804999999998482e-10	-0.30675656	-0.030885763	-0.91606116	352.611	-0	1.2297051e+06
2.0854999999998472e-10	-0.30749202	-0.01981389	-0.9161028	352.45364	-0	1.2299214e+06
2.090499999999846e-10	-0.30737683	-0.008780037	-0.91629606	352.14032	-0	1.2303519e+06
2.095499999999845e-10	-0.3064231	0.0021497426	-0.9166391	351.8289	-0	1.2307796e+06
2.100499999999844e-10	-0.3046473	0.012911608	-0.91712904	351.67386	-0	1.2309924e+06
2.105499999999843e-10	-0.3020701	0.023444131	-0.91776216	351.3652	-0	1.2314161e+06
2.110499999999842e-10	-0.29871678	0.033686172	-0.9185339	351.0584	-0	1.2318371e+06
2.1154999999998409e-10	-0.29461652	0.043579586	-0.9194389	350.90567	-0	1.2320466e+06
2.1204999999998398e-10	-0.28980225	0.05306941	-0.9204711	350.60162	-0	1.2324636e+06
2.1254999999998388e-10	-0.2843111	0.062101875	-0.9216236	350.29938	-0	1.232878e+06
2.1304999999998377e-10	-0.27818358	0.07062694	-0.9228888	350.14893	-0	1.2330842e+06
2.1354999999998367e-10	-0.27146348	0.07859848	-0.9242586	349.84937	-0	1.2334946e+06
2.1404999999998356e-10	-0.2641982	0.08597243	-0.92572397	349.5516	-0	1.2339025e+06
2.1454999999998345e-10	-0.25643784	0.092709206	-0.927276	349.4034	-0	1.2341055e+06
2.1504999999998335e-10	-0.24823499	0.09877375	-0.92890453	349.1083	-0	1.2345096e+06
2.1554999999998324e-10	-0.23964533	0.104133956	-0.9305995	348.81497	-0	1.2349111e+06
2.1604999999998314e-10	-0.2307263	0.108762726	-0.9323504	348.66898	-0	1.2351109e+06
2.1654999999998303e-10	-0.22153705	0.112638146	-0.93414634	348.37827	-0	1.2355086e+06
2.1704999999998293e-10	-0.21213879	0.11574193	-0.9359763	348.0893	-0	1.2359038e+06
2.1754999999998282e-10	-0.20259358	0.1180613	-0.93782896	347.94547	-0	1.2361005e+06
2.1804999999998272e-10	-0.19296393	0.11958899	-0.9396932	347.6591	-0	1.2364919e+06
2.1854999999998261e-10	-0.18331344	0.12032192	-0.9415579	347.37442	-0	1.236881e+06
2.190499999999825e-10	-0.17370541	0.120262794	-0.94341165	347.23273	-0	1.2370745e+06
2.195499999999824e-10	-0.16420227	0.11941981	-0.9452436	346.9506	-0	1.2374599e+06
2.200499999999823e-10	-0.1548663	0.11780575	-0.94704294	346.67014	-0	1.2378429e+06
2.205499999999822e-10	-0.14575809	0.115438916	-0.9487993	346.53055	-0	1.2380334e+06
2.210499999999821e-10	-0.13693619	0.11234302	-0.9505026	346.25262	-0	1.2384128e+06
2.2154999999998198e-10	-0.12845749	0.10854607	-0.9521432	345.97635	-0	1.2387898e+06
2.2204999999998188e-10	-0.12037601	0.10408123	-0.95371205	345.83884	-0	1.2389772e+06
2.2254999999998177e-10	-0.112742364	0.09898635	-0.95520055	345.56503	-0	1.2393508e+06
2.2304999999998167e-10	-0.105604306	0.093303114	-0.95660084	345.29288	-0	1.2397218e+06
2.2354999999998156e-10	-0.09900541	0.08707736	-0.95790595	345.1574	-0	1.2399065e+06
2.2404999999998146e-10	-0.09298486	0.0803587	-0.95910907	344.88766	-0	1.240274e+06
2.2454999999998135e-10	-0.087577835	0.07319957	-0.96020484	344.61954	-0	1.2406394e+06
2.2504999999998125e-10	-0.082814425	0.06565533	-0.96118826	344.48608	-0	1.2408211e+06
2.2554999999998114e-10	-0.078719616	0.057783823	-0.9620552	344.22037	-0	1.241183e+06
2.2604999999998104e-10	-0.07531353	0.04964438	-0.9628028	343.95624	-0	1.2415425e+06
2.2654999999998093e-10	-0.07261079	0.041297823	-0.9634285	343.82477	-0	1.2417215e+06
2.2704999999998083e-10	-0.0706205	0.03280593	-0.96393096	343.563	-0	1.2420778e+06
2.2754999999998072e-10	-0.06934659	0.024230499	-0.9643097	343.3028	-0	1.2424318e+06
2.2804999999998062e-10	-0.068787456	0.015633259	-0.9645651	343.17328	-0	1.2426079e+06
2.285499999999805e-10	-0.06893612	0.00707536	-0.9646981	342.91537	-0	1.2429585e+06
2.290499999999804e-10	-0.06978047	-0.001383526	-0.96471083	342.65906	-0	1.243307e+06
2.295499999999803e-10	-0.07130337	-0.009685278	-0.96460634	342.53146	-0	1.2434805e+06
2.300499999999802e-10	-0.07348286	-0.017773753	-0.96438813	342.2774	-0	1.2438258e+06
2.305499999999801e-10	-0.07629248	-0.02559565	-0.9640603	342.02487	-0	1.2441688e+06
2.3104999999997999e-10	-0.079701416	-0.033100463	-0.9636281	341.8992	-0	1.2443395e+06
2.3154999999997988e-10	-0.083675124	-0.040240787	-0.963097	341.64893	-0	1.2446794e+06
2.3204999999997978e-10	-0.08817535	-0.046973173	-0.9624732	341.40015	-0	1.2450171e+06
2.3254999999997967e-10	-0.09316074	-0.05325783	-0.9617636	341.2763	-0	1.2451851e+06
2.3304999999997967e-10	-0.098587304	-0.05905889	-0.96097517	341.02975	-0	1.2455198e+06
2.335499999999798e-10	-0.10440855	-0.06434502	-0.9601158	340.82538	-0	1.245797e+06
2.3404999999998e-10	-0.110576116	-0.06908921	-0.9591931	340.622	-0	1.2460729e+06
2.3454999999998013e-10	-0.117040135	-0.073268905	-0.95821553	340.41968	-0	1.2463472e+06
2.350499999999803e-10	-0.12374972	-0.07686612	-0.95719117	340.21832	-0	1.2466202e+06
2.3554999999998044e-10	-0.13065328	-0.07986739	-0.95612895	340.01797	-0	1.2468919e+06
2.360499999999806e-10	-0.13769905	-0.08226378	-0.95503724	339.81863	-0	1.247162e+06
2.3654999999998074e-10	-0.14483537	-0.08405079	-0.95392483	339.6203	-0	1.2474308e+06
2.370499999999809e-10	-0.15201105	-0.085228294	-0.95280033	339.42294	-0	1.2476981e+06
2.3754999999998105e-10	-0.15917592	-0.08580037	-0.95167214	339.22656	-0	1.247964e+06
2.380499999999812e-10	-0.16628088	-0.08577516	-0.9505486	339.03116	-0	1.2482286e+06
2.3854999999998136e-10	-0.17327842	-0.085164666	-0.949438	338.83673	-0	1.2484919e+06
2.390499999999815e-10	-0.18012278	-0.08398463	-0.94834805	338.64328	-0	1.2487536e+06
2.3954999999998166e-10	-0.18677032	-0.08225421	-0.9472865	338.45078	-0	1.2490141e+06
2.400499999999818e-10	-0.19317965	-0.079995796	-0.94626045	338.25925	-0	1.2492732e+06
2.4054999999998197e-10	-0.1993119	-0.07723479	-0.9452768	338.06866	-0	1.2495311e+06
2.410499999999821e-10	-0.2051309	-0.07399931	-0.944342	337.87903	-0	1.2497875e+06
2.415499999999823e-10	-0.21060324	-0.07031993	-0.943462	337.69034	-0	1.2500426e+06
2.4204999999998243e-10	-0.21569854	-0.0662295	-0.9426425	337.5026	-0	1.2502965e+06
2.425499999999826e-10	-0.22038949	-0.061762754	-0.9418882	337.3158	-0	1.250549e+06
2.4304999999998274e-10	-0.22465189	-0.056956146	-0.9412036	337.1299	-0	1.2508001e+06
2.435499999999829e-10	-0.22846483	-0.05184757	-0.9405927	336.94495	-0	1.25105e+06
2.4404999999998304e-10	-0.23181064	-0.046476044	-0.9400588	336.76093	-0	1.2512986e+06
2.445499999999832e-10	-0.23467495	-0.04088154	-0.93960476	336.5778	-0	1.2515459e+06
2.4504999999998335e-10	-0.23704664	-0.035104655	-0.93923265	336.3956	-0	1.2517919e+06
2.455499999999835e-10	-0.23891802	-0.02918641	-0.9389442	336.2143	-0	1.2520366e+06
2.4604999999998366e-10	-0.24028458	-0.023168005	-0.9387405	336.0339	-0	1.2522801e+06
2.465499999999838e-10	-0.24114507	-0.01709054	-0.9386218	335.8544	-0	1.2525222e+06
2.4704999999998396e-10	-0.24150145	-0.01099484	-0.93858826	335.6758	-0	1.2527632e+06
2.475499999999841e-10	-0.2413588	-0.0049211937	-0.9386388	335.49808	-0	1.253003e+06
2.4804999999998427e-10	-0.2407253	0.001090851	-0.9387729	335.32126	-0	1.2532415e+06
2.485499999999844e-10	-0.239612	0.007002706	-0.93898803	335.14532	-0	1.2534788e+06
2.490499999999846e-10	-0.23803285	0.0127769485	-0.93928236	334.97025	-0	1.2537148e+06
2.4954999999998473e-10	-0.23600465	0.01837752	-0.93965304	334.79605	-0	1.2539495e+06
2.500499999999849e-10	-0.2335467	0.023769917	-0.9400968	334.6227	-0	1.2541831e+06
2.5054999999998504e-10	-0.23068091	0.028921386	-0.94061	334.45026	-0	1.2544155e+06
2.510499999999852e-10	-0.22743145	0.03380108	-0.9411885	334.27866	-0	1.2546466e+06
2.5154999999998534e-10	-0.2238247	0.038380258	-0.94182795	334.10788	-0	1.2548766e+06
2.520499999999855e-10	-0.2198891	0.042632412	-0.9425232	333.938	-0	1.2551054e+06
2.5254999999998565e-10	-0.21565492	0.04653344	-0.9432693	333.76892	-0	1.255333e+06
2.530499999999858e-10	-0.21115406	0.050061774	-0.9440607	333.6007	-0	1.2555595e+06
2.5354999999998596e-10	-0.20641987	0.053198483	-0.94489187	333.43335	-0	1.2557848e+06
2.540499999999861e-10	-0.20148693	0.05592744	-0.94575685	333.2668	-0	1.2560089e+06
2.5454999999998626e-10	-0.19639081	0.058235362	-0.9466498	333.10107	-0	1.2562318e+06
2.550499999999864e-10	-0.1911679	0.06011189	-0.947564	332.9362	-0	1.2564536e+06
2.5554999999998657e-10	-0.18585508	0.061549712	-0.94849366	332.77213	-0	1.2566742e+06
2.560499999999867e-10	-0.18048953	0.06254451	-0.94943255	332.6089	-0	1.2568938e+06
2.565499999999869e-10	-0.17510849	0.063095085	-0.9503741	332.44644	-0	1.2571121e+06
2.5704999999998703e-10	-0.16974895	0.06320329	-0.9513125	332.28482	-0	1.2573294e+06
2.575499999999872e-10	-0.16444746	0.06287401	-0.95224124	332.124	-0	1.2575456e+06
2.5804999999998734e-10	-0.1592398	0.062115163	-0.9531546	331.964	-0	1.2577606e+06
2.585499999999875e-10	-0.15416083	0.060937583	-0.9540468	331.80475	-0	1.2579745e+06
2.5904999999998764e-10	-0.1492441	0.059355	-0.9549122	331.64633	-0	1.2581874e+06
2.595499999999878e-10	-0.1445218	0.057383846	-0.95574534	331.4887	-0	1.2583991e+06
2.6004999999998795e-10	-0.14002432	0.055043213	-0.95654154	331.33185	-0	1.2586098e+06
2.605499999999881e-10	-0.13578023	0.052354597	-0.95729584	331.17575	-0	1.2588192e+06
2.6104999999998826e-10	-0.1318159	0.049341813	-0.9580039	331.02048	-0	1.2590278e+06
2.615499999999884e-10	-0.12815544	0.046030764	-0.9586621	330.86594	-0	1.2592351e+06
2.6204999999998856e-10	-0.12482051	0.04244921	-0.95926654	330.7122	-0	1.2594415e+06
2.625499999999887e-10	-0.1218301	0.038626593	-0.9598142	330.5592	-0	1.2596468e+06
2.6304999999998887e-10	-0.119200476	0.034593735	-0.96030265	330.40698	-0	1.259851e+06
2.63549999999989e-10	-0.11694511	0.030382643	-0.9607293	330.25552	-0	1.2600541e+06
2.640499999999892e-10	-0.11507446	0.026026208	-0.9610926	330.1048	-0	1.2602562e+06
2.6454999999998933e-10	-0.11359613	0.021557944	-0.9613913	329.95483	-0	1.2604574e+06
2.650499999999895e-10	-0.11251462	0.017011734	-0.9616247	329.80563	-0	1.2606574e+06
2.6554999999998964e-10	-0.111831516	0.012421551	-0.96179235	329.65717	-0	1.2608564e+06
2.660499999999898e-10	-0.111545384	0.0078211855	-0.9618945	329.50943	-0	1.2610544e+06
2.6654999999998994e-10	-0.11165193	0.0032439844	-0.9619318	329.36243	-0	1.2612514e+06
2.670499999999901e-10	-0.11214395	-0.0012774055	-0.9619053	329.21616	-0	1.2614474e+06
2.6754999999999025e-10	-0.1130116	-0.005711281	-0.96181655	329.07062	-0	1.2616422e+06
2.680499999999904e-10	-0.114242345	-0.010027122	-0.9616675	328.9258	-0	1.2618362e+06
2.6854999999999056e-10	-0.11582124	-0.014195802	-0.9614605	328.78174	-0	1.2620292e+06
2.690499999999907e-10	-0.11773099	-0.018189799	-0.9611982	328.63837	-0	1.2622212e+06
2.6954999999999086e-10	-0.119952165	-0.021983366	-0.96088386	328.4957	-0	1.2624121e+06
2.70049999999991e-10	-0.12246346	-0.025552718	-0.9605206	328.35376	-0	1.2626022e+06
2.7054999999999117e-10	-0.12524176	-0.02887616	-0.96011233	328.21252	-0	1.2627912e+06
2.710499999999913e-10	-0.12826245	-0.031934198	-0.9596628	328.072	-0	1.2629792e+06
2.715499999999915e-10	-0.13149966	-0.03470968	-0.9591763	327.93216	-0	1.2631664e+06
2.7204999999999163e-10	-0.13492636	-0.037187833	-0.95865726	327.793	-0	1.2633525e+06
2.725499999999918e-10	-0.13851474	-0.039356347	-0.9581097	327.65457	-0	1.2635378e+06
2.7304999999999194e-10	-0.14223629	-0.041205395	-0.9575387	327.5168	-0	1.263722e+06
2.735499999999921e-10	-0.14606218	-0.042727653	-0.9569487	327.37973	-0	1.2639052e+06
2.7404999999999224e-10	-0.14996338	-0.04391831	-0.9563444	327.24335	-0	1.2640876e+06
2.745499999999924e-10	-0.15391085	-0.04477501	-0.9557307	327.10764	-0	1.264269e+06
2.7504999999999255e-10	-0.1578758	-0.04529785	-0.9551123	326.97263	-0	1.2644495e+06
2.755499999999927e-10	-0.16182996	-0.04548928	-0.9544937	326.83826	-0	1.2646291e+06
2.7604999999999286e-10	-0.16574565	-0.045354053	-0.9538797	326.70456	-0	1.2648078e+06
2.76549999999993e-10	-0.16959596	-0.044899132	-0.95327437	326.57153	-0	1.2649855e+06
2.7704999999999317e-10	-0.17335507	-0.04413357	-0.9526825	326.43918	-0	1.2651622e+06
2.775499999999933e-10	-0.17699818	-0.043068416	-0.95210797	326.30746	-0	1.2653382e+06
2.7804999999999347e-10	-0.18050185	-0.041716617	-0.9515548	326.17642	-0	1.2655132e+06
2.785499999999936e-10	-0.18384406	-0.04009278	-0.9510265	326.04605	-0	1.2656874e+06
2.790499999999938e-10	-0.18700428	-0.038213167	-0.9505267	325.9163	-0	1.2658605e+06
2.7954999999999393e-10	-0.18996361	-0.036095466	-0.9500585	325.7872	-0	1.2660329e+06
2.800499999999941e-10	-0.19270489	-0.033758655	-0.9496251	325.65875	-0	1.2662044e+06
2.8054999999999424e-10	-0.19521275	-0.031222852	-0.9492288	325.5309	-0	1.2663749e+06
2.810499999999944e-10	-0.19747369	-0.02850916	-0.9488721	325.40375	-0	1.2665446e+06
2.8154999999999455e-10	-0.19947615	-0.025639504	-0.94855696	325.27722	-0	1.2667135e+06
2.820499999999947e-10	-0.20121042	-0.022636482	-0.948285	325.1513	-0	1.2668815e+06
2.8254999999999485e-10	-0.20266885	-0.01952317	-0.94805765	325.026	-0	1.2670486e+06
2.83049999999995e-10	-0.20384577	-0.01632301	-0.9478759	324.90134	-0	1.2672149e+06
2.8354999999999516e-10	-0.20473742	-0.013059611	-0.9477406	324.7773	-0	1.2673802e+06
2.840499999999953e-10	-0.20534213	-0.00975664	-0.9476518	324.65387	-0	1.2675449e+06
2.8454999999999547e-10	-0.20566005	-0.00643761	-0.94760966	324.53107	-0	1.2677085e+06
2.850499999999956e-10	-0.20569336	-0.003125791	-0.94761384	324.40887	-0	1.2678715e+06
2.8554999999999577e-10	-0.2054461	0.00015597498	-0.9476637	324.2873	-0	1.2680335e+06
2.860499999999959e-10	-0.20492405	0.0033854046	-0.9477584	324.1663	-0	1.2681948e+06
2.865499999999961e-10	-0.2041348	0.006540902	-0.94789654	324.04593	-0	1.2683551e+06
2.8704999999999623e-10	-0.20308772	0.009601693	-0.9480768	323.92615	-0	1.2685148e+06
2.875499999999964e-10	-0.20179369	0.012547942	-0.9482972	323.80695	-0	1.2686735e+06
2.8804999999999654e-10	-0.20026506	0.0153608825	-0.94855565	323.68835	-0	1.2688315e+06
2.885499999999967e-10	-0.19851576	0.01802292	-0.94885015	323.57037	-0	1.2689886e+06
2.8904999999999685e-10	-0.1965609	0.020517725	-0.949178	323.45297	-0	1.269145e+06
2.89549999999997e-10	-0.19441678	0.022830347	-0.9495364	323.33612	-0	1.2693005e+06
2.9004999999999715e-10	-0.19210094	0.024947274	-0.9499225	323.21988	-0	1.2694552e+06
2.905499999999973e-10	-0.18963172	0.026856532	-0.9503334	323.10422	-0	1.2696092e+06
2.9104999999999746e-10	-0.18702838	0.028547734	-0.950766	322.98914	-0	1.2697625e+06
2.915499999999976e-10	-0.18431078	0.030012136	-0.9512169	322.8746	-0	1.2699149e+06
2.9204999999999777e-10	-0.18149939	0.0312427	-0.95168257	322.76068	-0	1.2700665e+06
2.925499999999979e-10	-0.17861508	0.032234095	-0.95215994	322.6473	-0	1.2702174e+06
2.9304999999999807e-10	-0.17567894	0.032982748	-0.9526453	322.5345	-0	1.2703675e+06
2.9354999999999823e-10	-0.17271222	0.03348685	-0.9531355	322.42224	-0	1.2705168e+06
2.940499999999984e-10	-0.16973607	0.03374633	-0.9536266	322.31055	-0	1.2706654e+06
2.9454999999999853e-10	-0.16677149	0.033762842	-0.9541156	322.1994	-0	1.2708131e+06
2.950499999999987e-10	-0.16383909	0.03353979	-0.95459914	322.0888	-0	1.2709601e+06
2.9554999999999884e-10	-0.1609591	0.033082213	-0.9550738	321.9788	-0	1.2711065e+06
2.96049999999999e-10	-0.15815099	0.032396786	-0.9555365	321.8693	-0	1.271252e+06
2.9654999999999915e-10	-0.15543361	0.031491734	-0.9559843	321.76038	-0	1.2713969e+06
2.970499999999993e-10	-0.15282482	0.03037676	-0.9564143	321.65198	-0	1.2715409e+06
2.9754999999999945e-10	-0.15034156	0.029062962	-0.95682365	321.54413	-0	1.2716842e+06
2.980499999999996e-10	-0.14799953	0.027562741	-0.95721024	321.4368	-0	1.2718269e+06
2.9854999999999976e-10	-0.1458133	0.025889685	-0.9575714	321.33002	-0	1.2719688e+06
2.990499999999999e-10	-0.14379609	0.024058452	-0.95790505	321.22375	-0	1.2721099e+06
2.9950000000000005e-10	-0.14213489	0.022288013	-0.9581806	321.11804	-0	1.2722504e+06
3.000000000000002e-10	-0.1404701	0.020199971	-0.9584572	321.01285	-0	1.2723901e+06
3.0050000000000036e-10	-0.13900447	0.018001223	-0.95870185	320.90817	-0	1.2725291e+06
3.010000000000005e-10	-0.13774528	0.015709413	-0.95891327	320.80402	-0	1.2726674e+06
3.0150000000000066e-10	-0.13669837	0.013342612	-0.9590904	320.70038	-0	1.272805e+06
3.020000000000008e-10	-0.13586777	0.010919166	-0.95923287	320.5973	-0	1.272942e+06
3.0250000000000097e-10	-0.13525599	0.008457574	-0.9593401	320.4947	-0	1.2730781e+06
3.030000000000011e-10	-0.13486382	0.0059763244	-0.959412	320.39258	-0	1.2732136e+06
3.035000000000013e-10	-0.13469046	0.0034937616	-0.95944875	320.29102	-0	1.2733485e+06
3.0400000000000143e-10	-0.13473353	0.0010279496	-0.95945084	320.18994	-0	1.2734826e+06
3.045000000000016e-10	-0.13498904	-0.0014034616	-0.95941883	320.08936	-0	1.2736161e+06
3.0500000000000174e-10	-0.1354516	-0.0037833655	-0.95935374	319.9893	-0	1.2737489e+06
3.055000000000019e-10	-0.13611428	-0.006095317	-0.9592564	319.8897	-0	1.273881e+06
3.0600000000000205e-10	-0.13696891	-0.0083236545	-0.9591284	319.79065	-0	1.2740124e+06
3.065000000000022e-10	-0.13800594	-0.010453587	-0.95897084	319.69205	-0	1.2741432e+06
3.0700000000000235e-10	-0.13921477	-0.012471316	-0.958786	319.59396	-0	1.2742732e+06
3.075000000000025e-10	-0.14058363	-0.014364096	-0.9585753	319.49637	-0	1.2744028e+06
3.0800000000000266e-10	-0.14209984	-0.016120326	-0.9583411	319.39923	-0	1.2745315e+06
3.085000000000028e-10	-0.14374988	-0.017729608	-0.9580853	319.3026	-0	1.2746596e+06
3.0900000000000297e-10	-0.14551942	-0.019182812	-0.9578102	319.20645	-0	1.2747871e+06
3.095000000000031e-10	-0.14739361	-0.020472102	-0.9575185	319.11078	-0	1.274914e+06
3.1000000000000327e-10	-0.1493571	-0.02159098	-0.9572122	319.0156	-0	1.2750401e+06
3.105000000000034e-10	-0.1513941	-0.022534309	-0.95689416	318.92087	-0	1.2751656e+06
3.110000000000036e-10	-0.15348868	-0.023298316	-0.9565668	318.8266	-0	1.2752906e+06
3.1150000000000373e-10	-0.1556247	-0.023880592	-0.95623267	318.73282	-0	1.2754149e+06
3.120000000000039e-10	-0.1577861	-0.024280095	-0.9558945	318.63953	-0	1.2755385e+06
3.1250000000000404e-10	-0.15995684	-0.024497109	-0.95555466	318.54666	-0	1.2756615e+06
3.130000000000042e-10	-0.1621211	-0.024533223	-0.95521575	318.45428	-0	1.2757839e+06
3.1350000000000435e-10	-0.16426358	-0.024391308	-0.9548805	318.36237	-0	1.2759056e+06
3.140000000000045e-10	-0.16636916	-0.024075445	-0.9545509	318.27087	-0	1.2760268e+06
3.1450000000000465e-10	-0.16842347	-0.023590898	-0.9542297	318.17987	-0	1.2761474e+06
3.150000000000048e-10	-0.17041267	-0.022944024	-0.95391876	318.0893	-0	1.2762672e+06
3.1550000000000496e-10	-0.1723236	-0.022142231	-0.95362055	317.9992	-0	1.2763866e+06
3.160000000000051e-10	-0.17414398	-0.021193892	-0.9533367	317.90955	-0	1.2765052e+06
3.1650000000000527e-10	-0.1758623	-0.020108266	-0.95306927	317.82034	-0	1.2766234e+06
3.170000000000054e-10	-0.17746805	-0.018895429	-0.9528202	317.73157	-0	1.2767409e+06
3.1750000000000557e-10	-0.17895164	-0.017566169	-0.9525905	317.64322	-0	1.2768578e+06
3.1800000000000573e-10	-0.1803045	-0.016131915	-0.95238197	317.55536	-0	1.2769741e+06
3.185000000000059e-10	-0.1815192	-0.014604646	-0.9521955	317.4679	-0	1.2770899e+06
3.1900000000000603e-10	-0.18258934	-0.012996775	-0.95203257	317.3809	-0	1.277205e+06
3.195000000000062e-10	-0.18350965	-0.011321086	-0.95189357	317.2943	-0	1.2773195e+06
3.2000000000000634e-10	-0.184276	-0.009590625	-0.95177937	317.20816	-0	1.2774335e+06
3.205000000000065e-10	-0.18488543	-0.007818597	-0.9516905	317.12244	-0	1.2775469e+06
3.2100000000000665e-10	-0.18533607	-0.006018301	-0.951627	317.03714	-0	1.2776598e+06
3.215000000000068e-10	-0.18562725	-0.00420301	-0.9515892	316.95227	-0	1.277772e+06
3.2200000000000695e-10	-0.18575941	-0.0023858824	-0.9515769	316.86783	-0	1.2778838e+06
3.225000000000071e-10	-0.18573406	-0.0005798936	-0.9515898	316.7838	-0	1.2779948e+06
3.2300000000000726e-10	-0.1855538	0.0012022704	-0.95162755	316.7002	-0	1.2781054e+06
3.235000000000074e-10	-0.1852223	0.0029482837	-0.95168954	316.617	-0	1.2782154e+06
3.2400000000000757e-10	-0.18474424	0.0046462645	-0.95177484	316.53424	-0	1.2783248e+06
3.245000000000077e-10	-0.18412516	0.006284849	-0.9518826	316.45187	-0	1.2784336e+06
3.2500000000000787e-10	-0.1833716	0.007853262	-0.9520118	316.36993	-0	1.278542e+06
3.2550000000000803e-10	-0.18249092	0.009341387	-0.9521611	316.2884	-0	1.2786498e+06
3.260000000000082e-10	-0.18149126	0.010739824	-0.9523292	316.20724	-0	1.278757e+06
3.2650000000000833e-10	-0.18038145	0.012039947	-0.9525147	316.12653	-0	1.2788638e+06
3.270000000000085e-10	-0.17917101	0.013233949	-0.9527159	316.04617	-0	1.2789699e+06
3.2750000000000864e-10	-0.17787	0.014314895	-0.9529314	315.96625	-0	1.2790755e+06
3.280000000000088e-10	-0.17648898	0.015276744	-0.9531592	315.88672	-0	1.2791805e+06
3.2850000000000895e-10	-0.17503889	0.016114406	-0.9533976	315.8076	-0	1.2792851e+06
3.290000000000091e-10	-0.17353107	0.016823737	-0.95364475	315.72885	-0	1.2793891e+06
3.2950000000000925e-10	-0.17197709	0.01740158	-0.9538989	315.65048	-0	1.2794926e+06
3.300000000000094e-10	-0.1703886	0.017845754	-0.95415807	315.57254	-0	1.2795956e+06
3.3050000000000956e-10	-0.16877744	0.018155089	-0.9544202	315.49496	-0	1.279698e+06
3.310000000000097e-10	-0.16715536	0.018329382	-0.95468354	315.4178	-0	1.2798e+06
3.3150000000000987e-10	-0.16553402	0.01836941	-0.95494616	315.34097	-0	1.2799014e+06
3.3200000000001e-10	-0.16392498	0.01827693	-0.9552063	315.26456	-0	1.2800022e+06
3.3250000000001017e-10	-0.16233945	0.018054616	-0.95546204	315.1885	-0	1.2801026e+06
3.3300000000001033e-10	-0.16078837	0.017706042	-0.95571166	315.11285	-0	1.2802025e+06
3.335000000000105e-10	-0.15928228	0.017235659	-0.9559536	315.03757	-0	1.2803019e+06
3.3400000000001063e-10	-0.15783115	0.016648747	-0.9561861	314.96268	-0	1.2804008e+06
3.345000000000108e-10	-0.1564445	0.01595134	-0.9564077	314.88812	-0	1.2804991e+06
3.3500000000001094e-10	-0.15513124	0.015150206	-0.9566171	314.81396	-0	1.280597e+06
3.355000000000111e-10	-0.1538995	0.0142527735	-0.956813	314.74017	-0	1.2806944e+06
3.3600000000001125e-10	-0.15275684	0.013267059	-0.95699406	314.66675	-0	1.2807912e+06
3.365000000000114e-10	-0.15170994	0.012201615	-0.95715946	314.5937	-0	1.2808878e+06
3.3700000000001155e-10	-0.1507648	0.0110654505	-0.9573081	314.521	-0	1.2809836e+06
3.375000000000117e-10	-0.14992644	0.009867957	-0.95743936	314.44867	-0	1.281079e+06
3.3800000000001186e-10	-0.14919914	0.008618834	-0.95755243	314.37668	-0	1.281174e+06
3.38500000000012e-10	-0.14858627	0.00732802	-0.95764697	314.30508	-0	1.2812685e+06
3.3900000000001217e-10	-0.14809026	0.006005595	-0.9577225	314.23383	-0	1.2813625e+06
3.395000000000123e-10	-0.14771274	0.0046617244	-0.957779	314.1629	-0	1.281456e+06
3.400000000000125e-10	-0.14745437	0.003306568	-0.95781606	314.09238	-0	1.281549e+06
3.4050000000001263e-10	-0.14731497	0.0019502041	-0.95783424	314.02216	-0	1.2816415e+06
3.410000000000128e-10	-0.14729348	0.00060256134	-0.9578331	313.95233	-0	1.2817336e+06
3.4150000000001293e-10	-0.14738798	-0.0007266591	-0.9578137	313.8828	-0	1.2818252e+06
3.420000000000131e-10	-0.14759576	-0.0020280506	-0.95777607	313.81366	-0	1.2819165e+06
3.4250000000001324e-10	-0.14791334	-0.0032925669	-0.957721	313.74484	-0	1.2820071e+06
3.430000000000134e-10	-0.14833643	-0.0045115827	-0.95764905	313.6764	-0	1.2820974e+06
3.4350000000001355e-10	-0.14886011	-0.005676951	-0.95756125	313.60825	-0	1.2821872e+06
3.440000000000137e-10	-0.14947875	-0.006781057	-0.95745826	313.54047	-0	1.2822766e+06
3.4450000000001385e-10	-0.1501862	-0.007816862	-0.9573413	313.47302	-0	1.2823655e+06
3.45000000000014e-10	-0.15097569	-0.008777947	-0.95721155	313.4059	-0	1.2824539e+06
3.4550000000001416e-10	-0.15184003	-0.009658553	-0.95707	313.33914	-0	1.2825419e+06
3.460000000000143e-10	-0.15277155	-0.010453606	-0.95691806	313.27267	-0	1.2826295e+06
3.4650000000001447e-10	-0.15376227	-0.011158747	-0.9567569	313.20657	-0	1.2827166e+06
3.470000000000146e-10	-0.1548039	-0.011770348	-0.9565879	313.14078	-0	1.2828032e+06
3.475000000000148e-10	-0.15588793	-0.012285521	-0.95641255	313.07532	-0	1.2828895e+06
3.4800000000001493e-10	-0.15700573	-0.01270214	-0.9562322	313.0102	-0	1.2829752e+06
3.485000000000151e-10	-0.15814851	-0.013018828	-0.9560482	312.94537	-0	1.2830606e+06
3.4900000000001524e-10	-0.1593075	-0.013234964	-0.95586205	312.8809	-0	1.2831456e+06
3.495000000000154e-10	-0.16047397	-0.013350658	-0.95567507	312.81674	-0	1.2832301e+06
3.5000000000001554e-10	-0.16163927	-0.013366753	-0.9554887	312.7529	-0	1.2833141e+06
3.505000000000157e-10	-0.16279492	-0.013284802	-0.9553043	312.68936	-0	1.2833979e+06
3.5100000000001585e-10	-0.1639327	-0.013107037	-0.95512336	312.62616	-0	1.283481e+06
3.51500000000016e-10	-0.16504458	-0.012836344	-0.95494705	312.56326	-0	1.2835639e+06
3.5200000000001616e-10	-0.16612294	-0.01247624	-0.9547764	312.50067	-0	1.2836462e+06
3.525000000000163e-10	-0.16716053	-0.012030812	-0.9546128	312.43842	-0	1.2837282e+06
3.5300000000001646e-10	-0.16815047	-0.011504703	-0.95445734	312.37643	-0	1.2838098e+06
3.535000000000166e-10	-0.16908635	-0.010903052	-0.9543111	312.3148	-0	1.283891e+06
3.5400000000001677e-10	-0.16996233	-0.010231461	-0.95417464	312.25345	-0	1.2839718e+06
3.545000000000169e-10	-0.17077306	-0.009495939	-0.95404917	312.1924	-0	1.284052e+06
3.550000000000171e-10	-0.1715137	-0.00870285	-0.9539353	312.13168	-0	1.284132e+06
3.5550000000001723e-10	-0.17218012	-0.007858872	-0.95383376	312.07126	-0	1.2842115e+06
3.560000000000174e-10	-0.17276865	-0.0069709346	-0.95374507	312.0111	-0	1.2842906e+06
3.5650000000001754e-10	-0.17327636	-0.006046158	-0.9536698	311.9513	-0	1.2843694e+06
3.570000000000177e-10	-0.17370085	-0.0050918283	-0.953608	311.89175	-0	1.2844478e+06
3.5750000000001784e-10	-0.17404048	-0.00411531	-0.95356023	311.83252	-0	1.2845256e+06
3.58000000000018e-10	-0.17429411	-0.0031240121	-0.9535264	311.7736	-0	1.2846031e+06
3.5850000000001815e-10	-0.17446133	-0.0021253272	-0.9535069	311.71494	-0	1.2846804e+06
3.590000000000183e-10	-0.17454232	-0.0011265898	-0.9535012	311.6566	-0	1.2847571e+06
3.5950000000001846e-10	-0.1745379	-0.00013501139	-0.95350945	311.5985	-0	1.2848335e+06
3.600000000000186e-10	-0.17444941	0.00084236666	-0.95353127	311.54074	-0	1.2849095e+06
3.6050000000001876e-10	-0.17427887	0.0017987073	-0.9535665	311.48325	-0	1.2849851e+06
3.610000000000189e-10	-0.17402881	0.0027274408	-0.95361423	311.42606	-0	1.2850602e+06
3.6150000000001907e-10	-0.1737023	0.0036222935	-0.9536744	311.36914	-0	1.2851351e+06
3.620000000000192e-10	-0.17330287	0.0044773296	-0.9537461	311.3125	-0	1.2852096e+06
3.625000000000194e-10	-0.17283459	0.0052869953	-0.95382893	311.25613	-0	1.2852838e+06
3.6300000000001953e-10	-0.17230192	0.00604615	-0.95392185	311.20007	-0	1.2853575e+06
3.635000000000197e-10	-0.17170964	0.0067500956	-0.9540242	311.1443	-0	1.2854308e+06
3.6400000000001984e-10	-0.17106305	0.0073946044	-0.954135	311.08878	-0	1.2855038e+06
3.6450000000002e-10	-0.17036758	0.007975941	-0.9542535	311.03354	-0	1.2855764e+06
3.6500000000002014e-10	-0.16962902	0.008490879	-0.9543786	310.97858	-0	1.2856486e+06
3.655000000000203e-10	-0.16885342	0.008936729	-0.9545094	310.9239	-0	1.2857205e+06
3.6600000000002045e-10	-0.16804688	0.009311334	-0.95464486	310.86948	-0	1.285792e+06
3.665000000000206e-10	-0.16721569	0.009613096	-0.95478374	310.8153	-0	1.2858632e+06
3.6700000000002076e-10	-0.16636626	0.009840957	-0.9549252	310.76144	-0	1.285934e+06
3.675000000000209e-10	-0.16550495	0.009994419	-0.9550681	310.70786	-0	1.2860045e+06
3.6800000000002106e-10	-0.16463816	0.010073526	-0.95521146	310.6545	-0	1.2860746e+06
3.685000000000212e-10	-0.16377221	0.0100788735	-0.9553544	310.60144	-0	1.2861442e+06
3.6900000000002137e-10	-0.16291332	0.010011574	-0.9554955	310.5486	-0	1.2862138e+06
3.695000000000215e-10	-0.16206756	0.009873263	-0.95563406	310.49606	-0	1.2862828e+06
3.700000000000217e-10	-0.16124079	0.009666062	-0.9557691	310.4438	-0	1.2863514e+06
3.7050000000002183e-10	-0.16043866	0.009392561	-0.95589983	310.39175	-0	1.2864198e+06
3.71000000000022e-10	-0.1596665	0.0090558	-0.95602524	310.34	-0	1.2864878e+06
3.7150000000002214e-10	-0.15892941	0.008659233	-0.9561442	310.28848	-0	1.2865554e+06
3.720000000000223e-10	-0.1582321	0.008206699	-0.95625657	310.23724	-0	1.2866228e+06
3.7250000000002244e-10	-0.15757892	0.0077023907	-0.95636135	310.18625	-0	1.2866898e+06
3.730000000000226e-10	-0.15697382	0.0071508125	-0.9564578	310.1355	-0	1.2867564e+06
3.7350000000002275e-10	-0.1564204	0.0065567433	-0.9565457	310.08502	-0	1.2868228e+06
3.740000000000229e-10	-0.15592173	0.005925205	-0.9566242	310.0348	-0	1.2868886e+06
3.7450000000002306e-10	-0.15548044	0.0052614147	-0.95669305	309.9848	-0	1.2869542e+06
3.750000000000232e-10	-0.15509877	0.004570738	-0.9567521	309.93506	-0	1.2870196e+06
3.7550000000002336e-10	-0.15477839	0.0038586576	-0.9568009	309.88556	-0	1.2870846e+06
3.760000000000235e-10	-0.1545206	0.0031307223	-0.95683914	309.83633	-0	1.2871492e+06
3.7650000000002367e-10	-0.15432608	0.0023925134	-0.95686704	309.78732	-0	1.2872136e+06
3.770000000000238e-10	-0.15419519	0.0016495973	-0.9568843	309.7386	-0	1.2872776e+06
3.77500000000024e-10	-0.15412767	0.00090748305	-0.9568912	309.69006	-0	1.2873412e+06
3.7800000000002413e-10	-0.1541229	0.00017158237	-0.95688784	309.64178	-0	1.2874046e+06
3.785000000000243e-10	-0.15417975	-0.0005528235	-0.9568743	309.59378	-0	1.2874678e+06
3.7900000000002444e-10	-0.15429673	-0.001260625	-0.95685095	309.546	-0	1.2875304e+06
3.795000000000246e-10	-0.15447181	-0.0019469182	-0.9568181	309.4984	-0	1.2875929e+06
3.8000000000002474e-10	-0.15470271	-0.002607041	-0.95677614	309.4511	-0	1.287655e+06
3.805000000000249e-10	-0.15498666	-0.0032366004	-0.9567256	309.40402	-0	1.2877168e+06
3.8100000000002505e-10	-0.15532063	-0.0038314983	-0.9566671	309.35718	-0	1.2877782e+06
3.815000000000252e-10	-0.15570123	-0.004387964	-0.956601	309.31058	-0	1.2878394e+06
3.8200000000002536e-10	-0.15612482	-0.004902569	-0.95652807	309.2642	-0	1.2879002e+06
3.825000000000255e-10	-0.15658747	-0.0053722486	-0.9564489	309.21805	-0	1.2879608e+06
3.8300000000002566e-10	-0.15708505	-0.0057943244	-0.9563642	309.17212	-0	1.288021e+06
3.835000000000258e-10	-0.15761326	-0.0061665066	-0.9562747	309.12643	-0	1.288081e+06
3.8400000000002597e-10	-0.15816763	-0.006486915	-0.9561811	309.081	-0	1.2881406e+06
3.845000000000261e-10	-0.15874359	-0.006754079	-0.9560843	309.03574	-0	1.2882e+06
3.850000000000263e-10	-0.15933648	-0.006966937	-0.95598483	308.99072	-0	1.288259e+06
3.8550000000002643e-10	-0.1599416	-0.0071248473	-0.95588374	308.94595	-0	1.2883178e+06
3.860000000000266e-10	-0.16055429	-0.0072275847	-0.95578164	308.9014	-0	1.2883762e+06
3.8650000000002674e-10	-0.16116983	-0.0072753276	-0.95567936	308.85706	-0	1.2884344e+06
3.870000000000269e-10	-0.1617836	-0.007268653	-0.9555778	308.81293	-0	1.2884922e+06
3.8750000000002704e-10	-0.16239116	-0.007208521	-0.9554774	308.769	-0	1.2885499e+06
3.880000000000272e-10	-0.16298805	-0.0070962682	-0.955379	308.72534	-0	1.2886071e+06
3.8850000000002735e-10	-0.16357006	-0.00693359	-0.9552835	308.6819	-0	1.2886641e+06
3.890000000000275e-10	-0.16413315	-0.0067225206	-0.95519125	308.63864	-0	1.2887209e+06
3.8950000000002766e-10	-0.16467343	-0.006465412	-0.95510304	308.5956	-0	1.2887772e+06
3.900000000000278e-10	-0.16518733	-0.0061649065	-0.95501953	308.5528	-0	1.2888334e+06
3.9050000000002796e-10	-0.1656715	-0.0058239237	-0.9549411	308.5102	-0	1.2888892e+06
3.910000000000281e-10	-0.16612285	-0.0054456256	-0.95486826	308.4678	-0	1.2889449e+06
3.9150000000002827e-10	-0.16653861	-0.005033391	-0.95480174	308.4256	-0	1.2890001e+06
3.920000000000284e-10	-0.16691627	-0.004590792	-0.95474154	308.38364	-0	1.2890552e+06
3.925000000000286e-10	-0.16725372	-0.0041215573	-0.9546883	308.3419	-0	1.28911e+06
3.9300000000002873e-10	-0.1675491	-0.0036295468	-0.95464194	308.30032	-0	1.2891644e+06
3.935000000000289e-10	-0.16780096	-0.0031187243	-0.95460314	308.25897	-0	1.2892186e+06
3.9400000000002904e-10	-0.1680081	-0.002593124	-0.9545717	308.21783	-0	1.2892725e+06
3.945000000000292e-10	-0.16816981	-0.0020568178	-0.9545481	308.1769	-0	1.2893262e+06
3.9500000000002935e-10	-0.16828556	-0.0015138859	-0.954532	308.13617	-0	1.2893796e+06
3.955000000000295e-10	-0.16835527	-0.0009683971	-0.95452374	308.09564	-0	1.2894328e+06
3.9600000000002965e-10	-0.16837916	-0.00042436164	-0.95452315	308.05533	-0	1.2894856e+06
3.965000000000298e-10	-0.16835783	0.00011428042	-0.95452994	308.0152	-0	1.2895381e+06
3.9700000000002996e-10	-0.1682921	0.0006436943	-0.9545441	307.97525	-0	1.2895905e+06
3.975000000000301e-10	-0.16818321	0.0011601778	-0.95456547	307.93555	-0	1.2896425e+06
3.9800000000003027e-10	-0.16803262	0.0016601766	-0.9545938	307.896	-0	1.2896944e+06
3.985000000000304e-10	-0.16784208	0.0021403222	-0.9546284	307.85666	-0	1.2897459e+06
3.9900000000003057e-10	-0.16761366	0.0025974454	-0.95466954	307.81754	-0	1.2897971e+06
3.995000000000307e-10	-0.16734958	0.0030285825	-0.9547163	307.7786	-0	1.2898482e+06
4.000000000000309e-10	-0.16705239	0.0034310229	-0.9547686	307.73984	-0	1.289899e+06
4.0050000000003103e-10	-0.16672474	0.0038023011	-0.95482576	307.7013	-0	1.2899495e+06
4.010000000000312e-10	-0.16636951	0.0041402234	-0.95488733	307.66293	-0	1.2899998e+06
4.0150000000003134e-10	-0.16598974	0.0044428688	-0.95495296	307.62476	-0	1.2900498e+06
4.020000000000315e-10	-0.16558862	0.004708609	-0.95502186	307.5868	-0	1.2900995e+06
4.0250000000003165e-10	-0.16516934	0.004936106	-0.95509374	307.54898	-0	1.290149e+06
4.030000000000318e-10	-0.16473526	0.0051243245	-0.9551679	307.51138	-0	1.2901982e+06
4.0350000000003195e-10	-0.16428982	0.0052725365	-0.9552436	307.47397	-0	1.2902472e+06
4.040000000000321e-10	-0.16383642	0.005380313	-0.95532054	307.43674	-0	1.290296e+06
4.0450000000003226e-10	-0.16337848	0.005447527	-0.9553982	307.3997	-0	1.2903445e+06
4.050000000000324e-10	-0.1629194	0.005474352	-0.9554757	307.36282	-0	1.2903929e+06
4.0550000000003257e-10	-0.16246253	0.005461256	-0.95555276	307.32614	-0	1.2904409e+06
4.060000000000327e-10	-0.16201113	0.005408987	-0.9556287	307.28967	-0	1.2904886e+06
4.0650000000003287e-10	-0.16156845	0.0053185676	-0.95570284	307.25336	-0	1.2905362e+06
4.0700000000003303e-10	-0.1611375	0.005191288	-0.955775	307.21722	-0	1.2905835e+06
4.075000000000332e-10	-0.16072126	0.005028681	-0.9558445	307.18127	-0	1.2906306e+06
4.0800000000003333e-10	-0.16032247	0.0048325215	-0.95591104	307.14548	-0	1.2906774e+06
4.085000000000335e-10	-0.15994377	0.0046047955	-0.95597404	307.1099	-0	1.290724e+06
4.0900000000003364e-10	-0.15958752	0.0043476894	-0.9560331	307.0745	-0	1.2907704e+06
4.095000000000338e-10	-0.15925598	0.004063573	-0.95608795	307.03925	-0	1.2908165e+06
4.1000000000003395e-10	-0.15895109	0.003754968	-0.9561382	307.00418	-0	1.2908625e+06
4.105000000000341e-10	-0.15867461	0.003424542	-0.9561837	306.9693	-0	1.2909081e+06
4.1100000000003425e-10	-0.15842807	0.003075079	-0.95622396	306.93457	-0	1.2909536e+06
4.115000000000344e-10	-0.15821272	0.0027094516	-0.9562591	306.90002	-0	1.2909988e+06
4.1200000000003456e-10	-0.15802962	0.0023306082	-0.9562886	306.86566	-0	1.2910438e+06
4.125000000000347e-10	-0.15787943	0.0019415424	-0.9563126	306.83145	-0	1.2910886e+06
4.1300000000003487e-10	-0.15776277	0.001545277	-0.956331	306.79742	-0	1.2911331e+06
4.13500000000035e-10	-0.15767978	0.0011448367	-0.95634377	306.76358	-0	1.2911774e+06
4.1400000000003517e-10	-0.15763053	0.0007432251	-0.9563507	306.7299	-0	1.2912215e+06
4.1450000000003533e-10	-0.15761472	0.000343404	-0.9563521	306.69635	-0	1.2912654e+06
4.150000000000355e-10	-0.15763186	-5.1725074e-05	-0.95634806	306.663	-0	1.291309e+06
4.1550000000003563e-10	-0.1576812	-0.00043934616	-0.9563385	306.6298	-0	1.2913525e+06
4.160000000000358e-10	-0.1577618	-0.0008167474	-0.95632374	306.59677	-0	1.2913958e+06
4.1650000000003594e-10	-0.15787244	-0.0011813338	-0.9563039	306.5639	-0	1.2914388e+06
4.170000000000361e-10	-0.15801178	-0.0015306467	-0.9562793	306.53122	-0	1.2914815e+06
4.1750000000003625e-10	-0.15817824	-0.0018623883	-0.95625037	306.4987	-0	1.2915241e+06
4.180000000000364e-10	-0.15837006	-0.0021744205	-0.95621705	306.4663	-0	1.2915664e+06
4.1850000000003655e-10	-0.15858532	-0.0024647918	-0.95617986	306.4341	-0	1.2916086e+06
4.190000000000367e-10	-0.15882206	-0.0027317437	-0.9561392	306.40207	-0	1.2916505e+06
4.1950000000003686e-10	-0.159078	-0.0029737176	-0.95609534	306.37018	-0	1.2916922e+06
4.20000000000037e-10	-0.15935093	-0.0031893635	-0.9560486	306.33844	-0	1.2917338e+06
4.2050000000003717e-10	-0.15963854	-0.00337755	-0.95599955	306.30685	-0	1.2917751e+06
4.210000000000373e-10	-0.15993829	-0.00353737	-0.9559484	306.27545	-0	1.2918161e+06
4.2150000000003747e-10	-0.16024783	-0.0036681336	-0.9558958	306.24417	-0	1.291857e+06
4.218500000000376e-10	-0.16046894	-0.0037421326	-0.95585805	306.2286	0	1.2918774e+06
