# t (s)	mx ()	my ()	mz ()	E_total (J)	J (A/m2)	T (K)
0	0	0	1	-6.810669e-17	0	300
3.4089109244209154e-13	0.15506262	-9.475388e-09	0.98788834	-6.975808e-17	-2.9975745e+06	300
3.4089109244209154e-13	0.15506263	-9.475388e-09	0.98788834	-6.9758087e-17	-3.2972888e+06	300
1.0226732773262746e-12	0.15506262	-3.0369485e-08	0.98788834	-6.9758087e-17	-3.2972888e+06	300
1.0226732773262746e-12	0.15506262	-3.0369485e-08	0.98788834	-6.975807e-17	-3.6269705e+06	300
2.3862376470946408e-12	0.15506262	-7.5810625e-08	0.98788834	-6.975808e-17	-3.6269705e+06	300
2.3862376470946408e-12	0.15506262	-7.5810625e-08	0.98788834	-6.9758073e-17	-3.9896152e+06	300
5.113366386631373e-12	0.15506265	-1.6631763e-07	0.98788834	-6.9758087e-17	-3.9896152e+06	300
5.113366386631373e-12	0.15506266	-1.6631763e-07	0.98788834	-6.9758073e-17	-4.3885195e+06	300
5.113366386631373e-12	0.15506265	-1.6631765e-07	0.98788834	-6.9758073e-17	-4.3885195e+06	300
5.213366386631373e-12	0.15506266	-1.6959743e-07	0.9878883	-6.975808e-17	-4.3885195e+06	300
5.213366386631373e-12	0.15506265	-1.6959743e-07	0.9878883	-6.975807e-17	-4.827308e+06	300
5.413366386631373e-12	0.15506265	-1.7673972e-07	0.98788834	-6.9758087e-17	-4.827308e+06	300
5.413366386631373e-12	0.15506265	-1.7673972e-07	0.98788834	-6.9758073e-17	-5.3099695e+06	300
5.813366386631373e-12	0.15506266	-1.9266248e-07	0.9878883	-6.9758087e-17	-5.3099695e+06	300
5.813366386631373e-12	0.15506265	-1.9266248e-07	0.9878883	-6.9758073e-17	-5.8408895e+06	300
6.613366386631373e-12	0.15506266	-2.2690507e-07	0.9878883	-6.9758087e-17	-5.8408895e+06	300
6.613366386631373e-12	0.15506266	-2.2690507e-07	0.98788834	-6.9758073e-17	-6.4248935e+06	300
7.995508898844746e-12	0.15506269	-2.8493844e-07	0.9878883	-6.9758087e-17	-6.4248935e+06	300
7.995508898844746e-12	0.15506269	-2.8493844e-07	0.9878883	-6.9758073e-17	-7.0672895e+06	300
9.368849355819421e-12	0.15506274	-3.3842903e-07	0.9878883	-6.9758073e-17	-7.0672895e+06	300
9.368849355819421e-12	0.15506274	-3.3842906e-07	0.9878883	-6.9758073e-17	-7.773916e+06	300
1.0476090822611222e-11	0.15506278	-3.798282e-07	0.9878883	-6.9758073e-17	-7.773916e+06	300
1.0476090822611222e-11	0.15506278	-3.798282e-07	0.9878883	-6.9758073e-17	-8.551194e+06	300
1.1398433473837451e-11	0.15506281	-4.1419693e-07	0.9878883	-6.975808e-17	-8.551194e+06	300
1.1398433473837451e-11	0.15506281	-4.141969e-07	0.9878883	-6.975808e-17	-9.406188e+06	300
1.2308214442936218e-11	0.15506285	-4.4871348e-07	0.9878883	-6.975808e-17	-9.406188e+06	300
1.2308214442936218e-11	0.15506285	-4.4871348e-07	0.9878883	-6.975808e-17	-1.0346669e+07	300
1.3259848535907789e-11	0.1550629	-4.857826e-07	0.9878883	-6.975808e-17	-1.0346669e+07	300
1.3259848535907789e-11	0.1550629	-4.857826e-07	0.9878882	-6.975808e-17	-1.1381183e+07	300
1.4252412450107405e-11	0.15506293	-5.2564553e-07	0.9878883	-6.9758053e-17	-1.1381183e+07	300
1.4252412450107405e-11	0.15506294	-5.2564553e-07	0.9878883	-6.975808e-17	-1.2519133e+07	300
1.5276832562282847e-11	0.155063	-5.680454e-07	0.9878883	-6.9758053e-17	-1.2519133e+07	300
1.5276832562282847e-11	0.155063	-5.680454e-07	0.9878882	-6.9758053e-17	-1.377086e+07	300
1.6320565401315713e-11	0.15506303	-6.12185e-07	0.9878883	-6.975806e-17	-1.377086e+07	300
1.6320565401315713e-11	0.15506303	-6.1218503e-07	0.9878883	-6.975806e-17	-1.5147741e+07	300
1.7371123247129342e-11	0.1550631	-6.587331e-07	0.9878882	-6.9758073e-17	-1.5147741e+07	300
1.7371123247129342e-11	0.1550631	-6.587331e-07	0.9878882	-6.9758073e-17	-1.6662288e+07	300
1.842146420867767e-11	0.15506315	-7.0936693e-07	0.9878882	-6.9758073e-17	-1.6662288e+07	300
1.842146420867767e-11	0.15506315	-7.093669e-07	0.9878882	-6.975807e-17	-1.8328264e+07	300
1.9468936314567234e-11	0.15506321	-7.6421424e-07	0.9878882	-6.9758087e-17	-1.8328264e+07	300
1.9468936314567234e-11	0.15506321	-7.642142e-07	0.9878882	-6.9758073e-17	-2.0160814e+07	300
2.0510520734100342e-11	0.15506329	-8.226822e-07	0.9878882	-6.9758073e-17	-2.0160814e+07	300
2.0510520734100342e-11	0.1550633	-8.226822e-07	0.9878882	-6.975805e-17	-2.2176586e+07	300
2.154448656742759e-11	0.15506335	-8.8560085e-07	0.9878882	-6.975806e-17	-2.2176586e+07	300
2.154448656742759e-11	0.15506336	-8.8560085e-07	0.9878882	-6.975806e-17	-2.4393904e+07	300
2.2574039691494365e-11	0.15506342	-9.56284e-07	0.9878882	-6.975807e-17	-2.4393904e+07	300
2.2574039691494365e-11	0.15506342	-9.56284e-07	0.9878883	-6.975807e-17	-2.6832916e+07	300
2.36000038251962e-11	0.1550635	-1.0353057e-06	0.9878882	-6.975807e-17	-2.6832916e+07	300
2.36000038251962e-11	0.1550635	-1.0353057e-06	0.9878882	-6.975807e-17	-2.9515788e+07	300
2.4623299385877542e-11	0.15506357	-1.1226502e-06	0.98788816	-6.9758087e-17	-2.9515788e+07	300
2.4623299385877542e-11	0.15506358	-1.1226502e-06	0.98788816	-6.975808e-17	-3.24669e+07	300
2.564541230738856e-11	0.15506364	-1.2212985e-06	0.98788816	-6.9758073e-17	-3.24669e+07	300
2.564541230738856e-11	0.15506366	-1.2212985e-06	0.98788816	-6.9758073e-17	-3.571307e+07	300
2.6667139734539414e-11	0.15506375	-1.3322883e-06	0.98788816	-6.975808e-17	-3.571307e+07	300
2.6667139734539414e-11	0.15506375	-1.3322883e-06	0.98788816	-6.975808e-17	-3.9283804e+07	300
2.7688403371059577e-11	0.15506385	-1.4572561e-06	0.9878881	-6.975808e-17	-3.9283804e+07	300
2.7688403371059577e-11	0.15506385	-1.4572561e-06	0.9878881	-6.975808e-17	-4.3211544e+07	300
2.8710055609372535e-11	0.15506396	-1.5975608e-06	0.9878881	-6.975807e-17	-4.3211544e+07	300
2.8710055609372535e-11	0.15506396	-1.5975608e-06	0.9878881	-6.975807e-17	-4.753198e+07	300
2.973154712118586e-11	0.15506408	-1.7554705e-06	0.987888	-6.9758073e-17	-4.753198e+07	300
2.973154712118586e-11	0.15506408	-1.7554705e-06	0.987888	-6.9758073e-17	-5.228438e+07	300
3.075301934504141e-11	0.15506421	-1.9327858e-06	0.987888	-6.9758073e-17	-5.228438e+07	300
3.075301934504141e-11	0.15506421	-1.9327856e-06	0.987888	-6.975808e-17	-5.751193e+07	300
3.1774338666063265e-11	0.15506433	-2.131003e-06	0.987888	-6.9758073e-17	-5.751193e+07	300
3.1774338666063265e-11	0.15506434	-2.131003e-06	0.987888	-6.9758073e-17	-6.3262124e+07	300
3.279547366033787e-11	0.1550645	-2.3512862e-06	0.987888	-6.975808e-17	-6.3262124e+07	300
3.279547366033787e-11	0.1550645	-2.3512866e-06	0.987888	-6.975808e-17	-6.9587224e+07	300
3.381705609927396e-11	0.15506467	-2.5948698e-06	0.9878879	-6.9758087e-17	-6.9587224e+07	300
3.381705609927396e-11	0.15506467	-2.5948698e-06	0.9878879	-6.975806e-17	-7.654469e+07	300
3.4838611547550926e-11	0.15506488	-2.8643476e-06	0.9878879	-6.975806e-17	-7.654469e+07	300
3.4838611547550926e-11	0.15506488	-2.8643476e-06	0.9878879	-6.9758073e-17	-8.419775e+07	300
3.586019142737354e-11	0.1550651	-3.1623676e-06	0.9878879	-6.9758073e-17	-8.419775e+07	300
3.586019142737354e-11	0.15506509	-3.1623676e-06	0.9878879	-6.9758087e-17	-9.2615944e+07	300
3.6881568108812566e-11	0.15506534	-3.491004e-06	0.9878879	-6.9758073e-17	-9.2615944e+07	300
3.6881568108812566e-11	0.15506536	-3.491004e-06	0.9878879	-6.9758087e-17	-1.0187575e+08	300
3.7902820234366846e-11	0.1550656	-3.852839e-06	0.98788786	-6.975807e-17	-1.0187575e+08	300
3.7902820234366846e-11	0.1550656	-3.8528397e-06	0.98788786	-6.975807e-17	-1.1206131e+08	300
3.892412194043466e-11	0.1550659	-4.25154e-06	0.9878878	-6.975807e-17	-1.1206131e+08	300
3.892412194043466e-11	0.15506591	-4.2515403e-06	0.98788786	-6.975807e-17	-1.2326517e+08	300
3.994531499867509e-11	0.15506625	-4.689662e-06	0.98788774	-6.9758073e-17	-1.2326517e+08	300
3.994531499867509e-11	0.15506624	-4.689662e-06	0.98788774	-6.9758073e-17	-1.355891e+08	300
4.0966547134316003e-11	0.15506661	-5.1704187e-06	0.9878877	-6.9758053e-17	-1.355891e+08	300
4.0966547134316003e-11	0.15506661	-5.1704183e-06	0.9878877	-6.975808e-17	-1.4914509e+08	300
4.198757063704272e-11	0.155067	-5.6976464e-06	0.98788756	-6.9758087e-17	-1.4914509e+08	300
4.198757063704272e-11	0.15506701	-5.6976464e-06	0.98788756	-6.9758087e-17	-1.6405626e+08	300
4.300852627951069e-11	0.15506746	-6.2769027e-06	0.98788756	-6.975807e-17	-1.6405626e+08	300
4.300852627951069e-11	0.15506744	-6.2769027e-06	0.98788756	-6.975806e-17	-1.8045808e+08	300
4.402937230833492e-11	0.15506795	-6.911946e-06	0.98788744	-6.9758073e-17	-1.8045808e+08	300
4.402937230833492e-11	0.15506795	-6.911946e-06	0.98788744	-6.9758073e-17	-1.9849954e+08	300
4.504996617175846e-11	0.15506847	-7.6089e-06	0.9878874	-6.9758073e-17	-1.9849954e+08	300
4.504996617175846e-11	0.15506849	-7.6089e-06	0.9878874	-6.9758073e-17	-2.1834451e+08	300
4.607113861951944e-11	0.1550691	-8.374141e-06	0.98788726	-6.975806e-17	-2.1834451e+08	300
4.607113861951944e-11	0.15506908	-8.374141e-06	0.9878873	-6.975806e-17	-2.4017325e+08	300
4.709214975856565e-11	0.15506974	-9.212777e-06	0.9878872	-6.9758087e-17	-2.4017325e+08	300
4.709214975856565e-11	0.15506974	-9.212777e-06	0.9878872	-6.9758087e-17	-2.6418398e+08	300
4.8113226052435926e-11	0.15507047	-1.01350515e-05	0.987887	-6.9758087e-17	-2.6418398e+08	300
4.8113226052435926e-11	0.15507047	-1.0135052e-05	0.987887	-6.9758073e-17	-2.905948e+08	300
4.91342590837841e-11	0.15507126	-1.1145948e-05	0.98788697	-6.975809e-17	-2.905948e+08	300
4.91342590837841e-11	0.15507127	-1.1145948e-05	0.9878869	-6.975809e-17	-3.1964554e+08	300
5.015503464064351e-11	0.15507214	-1.2258057e-05	0.98788685	-6.9758073e-17	-3.1964554e+08	300
5.015503464064351e-11	0.15507212	-1.2258057e-05	0.98788685	-6.9758087e-17	-3.5159994e+08	300
5.1175763112215556e-11	0.1550731	-1.3478656e-05	0.9878867	-6.975808e-17	-3.5159994e+08	300
5.1175763112215556e-11	0.15507309	-1.3478656e-05	0.9878867	-6.975807e-17	-3.8674813e+08	300
5.2196782508194444e-11	0.15507415	-1.4820154e-05	0.9878865	-6.9758087e-17	-3.8674813e+08	300
5.2196782508194444e-11	0.15507415	-1.4820154e-05	0.9878865	-6.975806e-17	-4.2540925e+08	300
5.32177411390139e-11	0.15507531	-1.6295187e-05	0.98788637	-6.9758073e-17	-4.2540925e+08	300
5.32177411390139e-11	0.15507531	-1.6295187e-05	0.98788637	-6.9758073e-17	-4.6793418e+08	300
5.423869147275464e-11	0.1550766	-1.7916656e-05	0.9878861	-6.975806e-17	-4.6793418e+08	300
5.423869147275464e-11	0.1550766	-1.7916656e-05	0.9878861	-6.975806e-17	-5.1470893e+08	300
5.525957049092735e-11	0.155078	-1.9699626e-05	0.98788595	-6.975806e-17	-5.1470893e+08	300
5.525957049092735e-11	0.155078	-1.9699626e-05	0.98788595	-6.975806e-17	-5.6615795e+08	300
5.62805658324067e-11	0.15507953	-2.166078e-05	0.98788565	-6.9758087e-17	-5.6615795e+08	300
5.62805658324067e-11	0.15507953	-2.166078e-05	0.98788565	-6.9758087e-17	-6.227481e+08	300
5.730160040059128e-11	0.15508121	-2.3818773e-05	0.9878854	-6.9758073e-17	-6.227481e+08	300
5.730160040059128e-11	0.15508121	-2.3818771e-05	0.9878854	-6.9758073e-17	-6.849928e+08	300
5.832276891158361e-11	0.15508309	-2.6192356e-05	0.98788506	-6.975807e-17	-6.849928e+08	300
5.832276891158361e-11	0.15508308	-2.6192356e-05	0.98788506	-6.975807e-17	-7.534565e+08	300
5.934386208633538e-11	0.15508512	-2.8804217e-05	0.9878849	-6.975808e-17	-7.534565e+08	300
5.934386208633538e-11	0.15508513	-2.8804217e-05	0.9878849	-6.975808e-17	-8.2876026e+08	300
6.036508840042844e-11	0.15508738	-3.1676616e-05	0.98788446	-6.975807e-17	-8.2876026e+08	300
6.036508840042844e-11	0.15508737	-3.1676613e-05	0.98788446	-6.975804e-17	-9.115868e+08	300
6.138623171448905e-11	0.15508984	-3.4843575e-05	0.98788404	-6.9758073e-17	-9.115868e+08	300
6.138623171448905e-11	0.15508983	-3.4843575e-05	0.98788404	-6.9758073e-17	-1.00268685e+09	300
6.240738066230534e-11	0.15509257	-3.832678e-05	0.9878836	-6.975805e-17	-1.00268685e+09	300
6.240738066230534e-11	0.15509257	-3.832678e-05	0.9878836	-6.975805e-17	-1.102886e+09	300
6.342879110704181e-11	0.15509556	-4.2158717e-05	0.98788315	-6.975805e-17	-1.102886e+09	300
6.342879110704181e-11	0.15509556	-4.2158717e-05	0.98788315	-6.975805e-17	-1.2130921e+09	300
6.445022741204321e-11	0.15509884	-4.637409e-05	0.9878826	-6.975806e-17	-1.2130921e+09	300
6.445022741204321e-11	0.15509884	-4.6374087e-05	0.9878826	-6.975806e-17	-1.3343031e+09	300
6.547167084966849e-11	0.15510248	-5.1009974e-05	0.9878821	-6.975804e-17	-1.3343031e+09	300
6.547167084966849e-11	0.15510248	-5.1009978e-05	0.9878821	-6.975804e-17	-1.4676166e+09	300
6.649298905847167e-11	0.15510644	-5.6108474e-05	0.9878813	-6.975807e-17	-1.4676166e+09	300
6.649298905847167e-11	0.15510644	-5.6108474e-05	0.9878813	-6.975806e-17	-1.614239e+09	300
6.751405419991847e-11	0.15511082	-6.171342e-05	0.9878807	-6.975805e-17	-1.614239e+09	300
6.751405419991847e-11	0.15511082	-6.171342e-05	0.9878807	-6.975806e-17	-1.7754967e+09	300
6.853518069929998e-11	0.15511565	-6.78771e-05	0.9878801	-6.975805e-17	-1.7754967e+09	300
6.853518069929998e-11	0.15511563	-6.78771e-05	0.98788	-6.975805e-17	-1.9528477e+09	300
6.955634555524719e-11	0.15512094	-7.465658e-05	0.98787916	-6.9758053e-17	-1.9528477e+09	300
6.955634555524719e-11	0.15512094	-7.465658e-05	0.98787916	-6.975804e-17	-2.147895e+09	300
7.057763113938809e-11	0.15512678	-8.211253e-05	0.98787826	-6.975805e-17	-2.147895e+09	300
7.057763113938809e-11	0.15512678	-8.211253e-05	0.98787826	-6.975805e-17	-2.3624003e+09	300
7.159893896110547e-11	0.15513319	-9.0311034e-05	0.98787725	-6.9758053e-17	-2.3624003e+09	300
7.159893896110547e-11	0.15513317	-9.031103e-05	0.98787725	-6.9758053e-17	-2.5983e+09	300
7.262035999487517e-11	0.15514022	-9.9328405e-05	0.98787606	-6.9758053e-17	-2.5983e+09	300
7.262035999487517e-11	0.15514022	-9.9328405e-05	0.98787606	-6.9758053e-17	-2.8577216e+09	300
7.364198133364311e-11	0.15514797	-0.000109244545	0.98787487	-6.9758053e-17	-2.8577216e+09	300
7.364198133364311e-11	0.15514797	-0.00010924454	0.98787487	-6.9758053e-17	-3.143004e+09	300.00003
7.466321487515387e-11	0.15515651	-0.00012014534	0.98787355	-6.975806e-17	-3.143004e+09	300.00003
7.466321487515387e-11	0.15515651	-0.000120145334	0.98787355	-6.9758073e-17	-3.456716e+09	300.00003
7.568468199457463e-11	0.15516588	-0.0001321371	0.98787206	-6.975805e-17	-3.456716e+09	300.00003
7.568468199457463e-11	0.15516588	-0.0001321371	0.98787206	-6.975805e-17	-3.8016812e+09	300.00003
7.670611939843155e-11	0.1551762	-0.00014532308	0.9878704	-6.975806e-17	-3.8016812e+09	300.00003
7.670611939843155e-11	0.15517619	-0.00014532308	0.9878704	-6.975806e-17	-4.181e+09	300.00003
7.772777445712937e-11	0.15518753	-0.00015982578	0.98786867	-6.975805e-17	-4.181e+09	300.00003
7.772777445712937e-11	0.15518753	-0.00015982578	0.98786867	-6.975807e-17	-4.5980785e+09	300.00003
7.874918517305667e-11	0.15520002	-0.0001757675	0.98786676	-6.975805e-17	-4.5980785e+09	300.00003
7.874918517305667e-11	0.15520002	-0.0001757675	0.98786664	-6.975805e-17	-5.0566574e+09	300.00003
7.977043312889312e-11	0.15521373	-0.00019329866	0.9878646	-6.975803e-17	-5.0566574e+09	300.00003
7.977043312889312e-11	0.15521373	-0.00019329868	0.9878646	-6.975803e-17	-5.560844e+09	300.00006
8.079166683091195e-11	0.15522882	-0.00021257563	0.98786217	-6.975803e-17	-5.560844e+09	300.00006
8.079166683091195e-11	0.15522882	-0.00021257563	0.98786217	-6.975804e-17	-6.1151473e+09	300.00006
8.181305050474648e-11	0.15524542	-0.0002337729	0.9878596	-6.975805e-17	-6.1151473e+09	300.00006
8.181305050474648e-11	0.15524542	-0.0002337729	0.9878596	-6.975802e-17	-6.724516e+09	300.0001
8.283449449053361e-11	0.15526365	-0.0002570731	0.9878566	-6.9758053e-17	-6.724516e+09	300.0001
8.283449449053361e-11	0.15526365	-0.0002570731	0.9878566	-6.9758053e-17	-7.394382e+09	300.0001
8.38559516502307e-11	0.1552837	-0.00028268475	0.9878535	-6.9758053e-17	-7.394382e+09	300.0001
8.38559516502307e-11	0.1552837	-0.00028268475	0.9878535	-6.975802e-17	-8.130704e+09	300.00012
8.487738673795235e-11	0.15530576	-0.0003108458	0.98785	-6.975801e-17	-8.130704e+09	300.00012
8.487738673795235e-11	0.15530576	-0.0003108458	0.98785	-6.975801e-17	-8.940018e+09	300.00012
8.58989640336617e-11	0.15533003	-0.0003418012	0.98784614	-6.975801e-17	-8.940018e+09	300.00012
8.58989640336617e-11	0.15533002	-0.0003418012	0.9878462	-6.975801e-17	-9.829489e+09	300.00015
8.692053327708249e-11	0.1553567	-0.0003758245	0.98784196	-6.975799e-17	-9.829489e+09	300.00015
8.692053327708249e-11	0.1553567	-0.0003758245	0.98784196	-6.9758e-17	-1.0806974e+10	300.0002
8.794179764668634e-11	0.15538602	-0.00041321098	0.98783743	-6.9758e-17	-1.0806974e+10	300.0002
8.794179764668634e-11	0.15538602	-0.000413211	0.98783743	-6.975798e-17	-1.1881081e+10	300.00024
8.896298988088828e-11	0.15541825	-0.00045428655	0.98783225	-6.975799e-17	-1.1881081e+10	300.00024
8.896298988088828e-11	0.15541825	-0.00045428655	0.98783225	-6.975796e-17	-1.3061239e+10	300.0003
8.998425147984502e-11	0.1554537	-0.00049943733	0.9878267	-6.9757954e-17	-1.3061239e+10	300.0003
8.998425147984502e-11	0.1554537	-0.0004994373	0.9878267	-6.975798e-17	-1.435777e+10	300.00037
9.100506513484528e-11	0.15549262	-0.0005490092	0.9878205	-6.975797e-17	-1.435777e+10	300.00037
9.100506513484528e-11	0.15549263	-0.0005490092	0.9878205	-6.9757934e-17	-1.5781972e+10	300.00043
9.202605665794183e-11	0.15553543	-0.0006034896	0.9878138	-6.9757934e-17	-1.5781972e+10	300.00043
9.202605665794183e-11	0.15553543	-0.0006034896	0.9878138	-6.975791e-17	-1.7346204e+10	300.00052
9.304718449666084e-11	0.1555825	-0.00066334306	0.9878063	-6.97579e-17	-1.7346204e+10	300.00052
9.304718449666084e-11	0.15558249	-0.00066334306	0.9878063	-6.975787e-17	-1.906397e+10	300.0006
9.406823382517121e-11	0.15563422	-0.00072909246	0.9877981	-6.975784e-17	-1.906397e+10	300.0006
9.406823382517121e-11	0.15563422	-0.00072909246	0.9877981	-6.975783e-17	-2.0950028e+10	300.00076
9.508882066435485e-11	0.15569106	-0.00080126565	0.98778903	-6.9757815e-17	-2.0950028e+10	300.00076
9.508882066435485e-11	0.15569103	-0.00080126565	0.98778903	-6.975779e-17	-2.302049e+10	300.00092
9.61094659792894e-11	0.15575348	-0.00088052015	0.98777914	-6.9757776e-17	-2.302049e+10	300.00092
9.61094659792894e-11	0.15575348	-0.0008805202	0.98777914	-6.975775e-17	-2.5292927e+10	300.0011
9.71305394751146e-11	0.15582214	-0.00096755015	0.9877682	-6.975774e-17	-2.5292927e+10	300.0011
9.71305394751146e-11	0.15582213	-0.00096755015	0.9877682	-6.9757676e-17	-2.778649e+10	300.00134
9.815168291660939e-11	0.15589756	-0.0010630806	0.9877562	-6.975765e-17	-2.778649e+10	300.00134
9.815168291660939e-11	0.15589756	-0.0010630807	0.9877562	-6.9757584e-17	-3.0522032e+10	300.00162
9.917269550140697e-11	0.15598042	-0.0011678871	0.9877431	-6.975756e-17	-3.0522032e+10	300.00162
9.917269550140697e-11	0.15598042	-0.0011678871	0.987743	-6.97575e-17	-3.3522235e+10	300.00195
1.0019354559919339e-10	0.15607145	-0.0012828386	0.9877284	-6.9757465e-17	-3.3522235e+10	300.00195
1.0019354559919339e-10	0.15607145	-0.0012828386	0.9877284	-6.9757365e-17	-3.681174e+10	300.00235
1.0121429359688921e-10	0.1561714	-0.001408896	0.9877125	-6.9757345e-17	-3.681174e+10	300.00235
1.0121429359688921e-10	0.15617138	-0.001408896	0.9877125	-6.975724e-17	-4.041728e+10	300.00284
1.0223515085230757e-10	0.15628119	-0.0015471198	0.98769486	-6.9757206e-17	-4.041728e+10	300.00284
1.0223515085230757e-10	0.15628119	-0.0015471198	0.98769486	-6.975707e-17	-4.4367815e+10	300.00342
1.0325609167212514e-10	0.15640171	-0.0016986302	0.98767555	-6.9757034e-17	-4.4367815e+10	300.00342
1.0325609167212514e-10	0.15640171	-0.0016986299	0.98767555	-6.975688e-17	-4.8694673e+10	300.00412
1.0427691305987616e-10	0.156534	-0.0018646023	0.98765427	-6.9756816e-17	-4.8694673e+10	300.00412
1.0427691305987616e-10	0.15653402	-0.0018646023	0.98765427	-6.9756624e-17	-5.343167e+10	300.00494
1.0529766713763209e-10	0.15667921	-0.0020463732	0.98763084	-6.975654e-17	-5.343167e+10	300.00494
1.0529766713763209e-10	0.15667921	-0.0020463732	0.98763084	-6.9756326e-17	-5.861525e+10	300.00598
1.0631845337025604e-10	0.15683854	-0.0022453659	0.9876052	-6.9756234e-17	-5.861525e+10	300.00598
1.0631845337025604e-10	0.15683854	-0.0022453659	0.9876052	-6.975599e-17	-6.428458e+10	300.0072
1.0733911996747258e-10	0.15701331	-0.002463071	0.9875768	-6.9755857e-17	-6.428458e+10	300.0072
1.0733911996747258e-10	0.15701331	-0.002463071	0.9875768	-6.9755545e-17	-7.048167e+10	300.00867
1.0835991441843317e-10	0.15720502	-0.002701195	0.9875457	-6.9755407e-17	-7.048167e+10	300.00867
1.0835991441843317e-10	0.15720502	-0.002701195	0.98754567	-6.975507e-17	-7.725141e+10	300.01044
1.0938080651409145e-10	0.15741521	-0.002961463	0.9875114	-6.975491e-17	-7.725141e+10	300.01044
1.0938080651409145e-10	0.15741521	-0.002961463	0.9875114	-6.975445e-17	-8.464167e+10	300.01257
1.1040168462213472e-10	0.1576456	-0.0032457393	0.9874738	-6.975427e-17	-8.464167e+10	300.01257
1.1040168462213472e-10	0.1576456	-0.0032457393	0.9874738	-6.975371e-17	-9.270326e+10	300.0151
1.1142216808281259e-10	0.1578979	-0.0035559135	0.98743236	-6.975349e-17	-9.270326e+10	300.0151
1.1142216808281259e-10	0.15789792	-0.0035559135	0.98743236	-6.9752826e-17	-1.0148991e+11	300.01816
1.1244255240110721e-10	0.15817422	-0.0038942043	0.9873867	-6.975253e-17	-1.0148991e+11	300.01816
1.1244255240110721e-10	0.15817422	-0.0038942043	0.9873867	-6.975179e-17	-1.1105815e+11	300.02182
1.134631109410525e-10	0.15847673	-0.004262921	0.98733675	-6.9751456e-17	-1.1105815e+11	300.02182
1.134631109410525e-10	0.15847673	-0.004262921	0.98733675	-6.975054e-17	-1.2146716e+11	300.02618
1.1448395835186432e-10	0.15880784	-0.0046644593	0.9872816	-6.975014e-17	-1.2146716e+11	300.02618
1.1448395835186432e-10	0.15880784	-0.0046644593	0.9872816	-6.9749034e-17	-1.3277846e+11	300.0314
1.1550499339982135e-10	0.15917006	-0.005101236	0.98722124	-6.974855e-17	-1.3277846e+11	300.0314
1.1550499339982135e-10	0.15917006	-0.005101236	0.98722124	-6.9747254e-17	-1.4505555e+11	300.03766
1.1652531789807792e-10	0.15956569	-0.0055754012	0.9871546	-6.974669e-17	-1.4505555e+11	300.03766
1.1652531789807792e-10	0.15956569	-0.0055754012	0.9871546	-6.97451e-17	-1.5836342e+11	300.04507
1.1754556564563033e-10	0.15999776	-0.0060898755	0.9870816	-6.974443e-17	-1.5836342e+11	300.04507
1.1754556564563033e-10	0.15999776	-0.0060898755	0.9870816	-6.9742595e-17	-1.7276784e+11	300.05392
1.1856591189096496e-10	0.16046943	-0.006647423	0.9870014	-6.9741755e-17	-1.7276784e+11	300.05392
1.1856591189096496e-10	0.16046943	-0.006647423	0.9870014	-6.97396e-17	-1.8833457e+11	300.06442
1.1958611568521994e-10	0.1609838	-0.007250595	0.9869133	-6.9738605e-17	-1.8833457e+11	300.06442
1.1958611568521994e-10	0.1609838	-0.007250595	0.9869133	-6.973599e-17	-2.051283e+11	300.0769
1.2060630428915308e-10	0.16154434	-0.007902144	0.98681664	-6.973483e-17	-2.051283e+11	300.0769
1.2060630428915308e-10	0.16154432	-0.007902144	0.98681664	-6.973175e-17	-2.232114e+11	300.09164
1.2162698423669165e-10	0.16215497	-0.008604987	0.98671055	-6.973038e-17	-2.232114e+11	300.09164
1.2162698423669165e-10	0.16215497	-0.0086049875	0.98671055	-6.972678e-17	-2.4264245e+11	300.1091
1.2264765822592072e-10	0.16281919	-0.0093612205	0.9865941	-6.9725165e-17	-2.4264245e+11	300.1091
1.2264765822592072e-10	0.16281919	-0.009361221	0.9865941	-6.972087e-17	-2.6347443e+11	300.12964
1.2366832406459447e-10	0.1635409	-0.0101731345	0.9864666	-6.9718964e-17	-2.6347443e+11	300.12964
1.2366832406459447e-10	0.1635409	-0.0101731345	0.9864666	-6.971393e-17	-2.857527e+11	300.15384
1.2468906798258755e-10	0.16432418	-0.011042767	0.98632693	-6.9711705e-17	-2.857527e+11	300.15384
1.2468906798258755e-10	0.1643242	-0.011042767	0.98632693	-6.970581e-17	-3.0951267e+11	300.18222
1.257096752646839e-10	0.16517293	-0.011971544	0.9861742	-6.970323e-17	-3.0951267e+11	300.18222
1.257096752646839e-10	0.16517293	-0.011971544	0.9861742	-6.9696326e-17	-3.3477722e+11	300.2154
1.267301226813293e-10	0.16609125	-0.012960576	0.9860072	-6.969329e-17	-3.3477722e+11	300.2154
1.267301226813293e-10	0.16609125	-0.012960576	0.9860072	-6.96852e-17	-3.615538e+11	300.25412
1.277508731027975e-10	0.16708371	-0.014010851	0.985825	-6.9681695e-17	-3.615538e+11	300.25412
1.277508731027975e-10	0.1670837	-0.014010851	0.985825	-6.967238e-17	-3.898313e+11	300.2991
1.2877145818834446e-10	0.16815388	-0.015121602	0.98562646	-6.96683e-17	-3.898313e+11	300.2991
1.2877145818834446e-10	0.16815388	-0.015121601	0.9856265	-6.9657455e-17	-4.195768e+11	300.35123
1.29792224688113e-10	0.16930604	-0.016292084	0.98541033	-6.965278e-17	-4.195768e+11	300.35123
1.29792224688113e-10	0.16930604	-0.016292084	0.98541033	-6.964026e-17	-4.5073223e+11	300.41138
1.308128081638736e-10	0.1705434	-0.017519664	0.98517555	-6.963493e-17	-4.5073223e+11	300.41138
1.308128081638736e-10	0.1705434	-0.017519664	0.98517555	-6.962057e-17	-4.8321082e+11	300.4805
1.3183354671733135e-10	0.1718696	-0.018801287	0.98492116	-6.9614455e-17	-4.8321082e+11	300.4805
1.3183354671733135e-10	0.1718696	-0.018801287	0.98492116	-6.9598044e-17	-5.1689413e+11	300.55957
1.3285425895442002e-10	0.17328721	-0.020131834	0.9846462	-6.9591115e-17	-5.1689413e+11	300.55957
1.3285425895442002e-10	0.17328721	-0.020131834	0.98464614	-6.957238e-17	-5.516289e+11	300.6496
1.3387493966183397e-10	0.17479825	-0.021504836	0.9843496	-6.956459e-17	-5.516289e+11	300.6496
1.3387493966183397e-10	0.17479825	-0.021504836	0.9843496	-6.95434e-17	-5.872249e+11	300.75165
1.348955278745007e-10	0.17640398	-0.022911984	0.9840311	-6.953465e-17	-5.872249e+11	300.75165
1.348955278745007e-10	0.17640397	-0.022911984	0.9840311	-6.9510766e-17	-6.2345314e+11	300.86664
1.359157616013203e-10	0.17810413	-0.024342816	0.9836901	-6.950104e-17	-6.2345314e+11	300.86664
1.359157616013203e-10	0.17810413	-0.024342816	0.9836901	-6.947433e-17	-6.6004504e+11	300.99548
1.3693663632012682e-10	0.17989957	-0.025786469	0.983326	-6.946362e-17	-6.6004504e+11	300.99548
1.3693663632012682e-10	0.17989957	-0.025786469	0.983326	-6.9433825e-17	-6.966935e+11	301.13904
1.379574959948093e-10	0.18178695	-0.02722759	0.9829395	-6.942208e-17	-6.966935e+11	301.13904
1.379574959948093e-10	0.18178695	-0.02722759	0.9829395	-6.938913e-17	-7.330541e+11	301.2979
1.3897821094481891e-10	0.1837621	-0.028649524	0.9825311	-6.9376346e-17	-7.330541e+11	301.2979
1.3897821094481891e-10	0.1837621	-0.028649524	0.98253113	-6.9340195e-17	-7.687494e+11	301.47256
1.3999877880749882e-10	0.18581924	-0.030033702	0.9821022	-6.932641e-17	-7.687494e+11	301.47256
1.3999877880749882e-10	0.18581924	-0.030033702	0.9821022	-6.9287004e-17	-8.03374e+11	301.6633
1.4101936249072014e-10	0.18795088	-0.03135973	0.98165435	-6.9272366e-17	-8.03374e+11	301.6633
1.4101936249072014e-10	0.18795088	-0.03135973	0.98165435	-6.922961e-17	-8.365014e+11	301.87
1.4203940147839718e-10	0.19014587	-0.032604583	0.98119026	-6.92142e-17	-8.365014e+11	301.87
1.4203940147839718e-10	0.19014587	-0.032604583	0.98119026	-6.91683e-17	-8.6769336e+11	302.09232
1.430601799678e-10	0.19239461	-0.033745803	0.9807125	-6.915226e-17	-8.6769336e+11	302.09232
1.430601799678e-10	0.19239461	-0.033745803	0.9807124	-6.9103343e-17	-8.9651007e+11	302.32953
1.4408051925881828e-10	0.19467975	-0.03475688	0.9802253	-6.9086886e-17	-8.9651007e+11	302.32953
1.4408051925881828e-10	0.19467974	-0.03475688	0.9802253	-6.903514e-17	-9.2252163e+11	302.58063
1.451012251381323e-10	0.19698562	-0.035612937	0.9797329	-6.9018534e-17	-9.2252163e+11	302.58063
1.451012251381323e-10	0.1969856	-0.035612933	0.9797329	-6.896428e-17	-9.453208e+11	302.84415
1.4612170505137353e-10	0.19929078	-0.036287725	0.97924083	-6.894779e-17	-9.453208e+11	302.84415
1.4612170505137353e-10	0.19929078	-0.036287725	0.97924083	-6.88914e-17	-9.6453565e+11	303.11832
1.4714225846918e-10	0.20157339	-0.036756534	0.9787551	-6.887535e-17	-9.6453565e+11	303.11832
1.4714225846918e-10	0.20157339	-0.036756534	0.9787551	-6.881725e-17	-9.7984165e+11	303.4011
1.4816275592568353e-10	0.20380808	-0.036995813	0.97828215	-6.880198e-17	-9.7984165e+11	303.4011
1.4816275592568353e-10	0.2038081	-0.036995813	0.97828215	-6.8742626e-17	-9.9097313e+11	303.6901
1.4918331803676754e-10	0.20596799	-0.036984462	0.97782904	-6.8728465e-17	-9.9097313e+11	303.6901
1.4918331803676754e-10	0.20596799	-0.036984462	0.97782904	-6.866843e-17	-9.9773304e+11	303.98282
1.5020404702419152e-10	0.20802417	-0.036704414	0.97740316	-6.8655766e-17	-9.9773304e+11	303.98282
1.5020404702419152e-10	0.20802417	-0.036704414	0.97740316	-6.8595574e-17	-1e+12	304.2766
1.5122477021057087e-10	0.20994578	-0.036141735	0.977012	-6.858473e-17	-1e+12	304.2766
1.5122477021057087e-10	0.20994578	-0.036141735	0.97701204	-6.852489e-17	-9.9773304e+11	304.56876
1.522452099783534e-10	0.21170102	-0.035287645	0.97666335	-6.851618e-17	-9.9773304e+11	304.56876
1.522452099783534e-10	0.21170102	-0.035287645	0.97666335	-6.845728e-17	-9.9097313e+11	304.85663
1.532656546768335e-10	0.21325883	-0.034138463	0.9763641	-6.845097e-17	-9.9097313e+11	304.85663
1.532656546768335e-10	0.21325883	-0.034138463	0.97636414	-6.8393483e-17	-9.7984165e+11	305.13763
1.5428570402698138e-10	0.21458758	-0.032697383	0.97612125	-6.838975e-17	-9.7984165e+11	305.13763
1.5428570402698138e-10	0.21458758	-0.032697383	0.97612125	-6.83342e-17	-9.6453565e+11	305.40955
1.553060155699548e-10	0.21565828	-0.030972563	0.97594047	-6.833323e-17	-9.6453565e+11	305.40955
1.553060155699548e-10	0.21565828	-0.030972563	0.97594047	-6.8279974e-17	-9.453208e+11	305.67023
1.5632630076750594e-10	0.21644267	-0.028980257	0.9758271	-6.828181e-17	-9.453208e+11	305.67023
1.5632630076750594e-10	0.21644266	-0.028980257	0.9758271	-6.82312e-17	-9.2252163e+11	305.91797
1.5734642513160444e-10	0.21691582	-0.026743345	0.97578496	-6.823579e-17	-9.2252163e+11	305.91797
1.5734642513160444e-10	0.21691582	-0.026743345	0.97578496	-6.818813e-17	-8.9651007e+11	306.15137
1.583662601000357e-10	0.21705681	-0.02429125	0.9758171	-6.819543e-17	-8.9651007e+11	306.15137
1.583662601000357e-10	0.21705681	-0.02429125	0.9758171	-6.815094e-17	-8.6769336e+11	306.36942
1.5938600856870647e-10	0.21684936	-0.02165863	0.97592455	-6.816072e-17	-8.6769336e+11	306.36942
1.5938600856870647e-10	0.21684936	-0.02165863	0.97592455	-6.8119455e-17	-8.365014e+11	306.5714
1.6040536958669225e-10	0.21628268	-0.018886676	0.97610736	-6.813153e-17	-8.365014e+11	306.5714
1.6040536958669225e-10	0.21628268	-0.018886676	0.97610736	-6.80936e-17	-8.03374e+11	306.75702
1.6142477768699961e-10	0.21535152	-0.01601899	0.97636414	-6.8107597e-17	-8.03374e+11	306.75702
1.6142477768699961e-10	0.21535152	-0.01601899	0.97636414	-6.807304e-17	-7.687494e+11	306.92624
1.6244417664163538e-10	0.2140573	-0.013103794	0.9766921	-6.808865e-17	-7.687494e+11	306.92624
1.6244417664163538e-10	0.21405731	-0.013103794	0.9766921	-6.805733e-17	-7.330541e+11	307.0793
1.6346322765996228e-10	0.21240889	-0.010192143	0.9770868	-6.807419e-17	-7.330541e+11	307.0793
1.6346322765996228e-10	0.2124089	-0.010192143	0.9770868	-6.8046054e-17	-6.966935e+11	307.2168
1.644816444656614e-10	0.21042252	-0.0073354524	0.97754234	-6.806369e-17	-6.966935e+11	307.2168
1.644816444656614e-10	0.21042253	-0.0073354524	0.97754234	-6.8038596e-17	-6.6004504e+11	307.3393
1.6549977121256135e-10	0.20812017	-0.004582519	0.9780524	-6.8056735e-17	-6.6004504e+11	307.3393
1.6549977121256135e-10	0.20812015	-0.004582519	0.9780524	-6.8034494e-17	-6.2345314e+11	307.4477
1.665175888023897e-10	0.20553094	-0.0019810384	0.9786092	-6.8052645e-17	-6.2345314e+11	307.4477
1.665175888023897e-10	0.20553094	-0.0019810384	0.9786092	-6.80331e-17	-5.872249e+11	307.54294
1.6753543494999342e-10	0.2026891	0.0004256082	0.9792045	-6.8050945e-17	-5.872249e+11	307.54294
1.6753543494999342e-10	0.2026891	0.0004256082	0.97920454	-6.80339e-17	-5.516289e+11	307.626
1.6855285089437335e-10	0.19963652	0.002596952	0.97982913	-6.805114e-17	-5.516289e+11	307.626
1.6855285089437335e-10	0.1996365	0.002596952	0.97982913	-6.8036366e-17	-5.1689413e+11	307.69794
1.6957060043303083e-10	0.19641604	0.004500986	0.98047423	-6.805275e-17	-5.1689413e+11	307.69794
1.6957060043303083e-10	0.19641604	0.004500986	0.98047423	-6.804001e-17	-4.8321082e+11	307.75977
1.7058837658331724e-10	0.19307722	0.0061100745	0.9811298	-6.805529e-17	-4.8321082e+11	307.75977
1.7058837658331724e-10	0.19307722	0.0061100745	0.9811298	-6.804442e-17	-4.5073223e+11	307.81253
1.716060861778267e-10	0.18967152	0.0074047856	0.98178655	-6.805847e-17	-4.5073223e+11	307.81253
1.716060861778267e-10	0.18967153	0.0074047856	0.9817866	-6.8049264e-17	-4.195768e+11	307.85712
1.7262356756438737e-10	0.18625171	0.008373891	0.9824351	-6.8061936e-17	-4.195768e+11	307.85712
1.7262356756438737e-10	0.18625171	0.008373891	0.9824351	-6.8054233e-17	-3.898313e+11	307.89453
1.736410765622616e-10	0.18286893	0.009014822	0.9830665	-6.8065477e-17	-3.898313e+11	307.89453
1.736410765622616e-10	0.18286893	0.009014822	0.9830665	-6.805907e-17	-3.615538e+11	307.92557
1.7465825580690784e-10	0.17957485	0.009332813	0.9836724	-6.806889e-17	-3.615538e+11	307.92557
1.7465825580690784e-10	0.17957485	0.009332813	0.9836724	-6.806363e-17	-3.3477722e+11	307.95102
1.7567527745239422e-10	0.1764164	0.00934143	0.9842456	-6.807207e-17	-3.3477722e+11	307.95102
1.7567527745239422e-10	0.17641638	0.00934143	0.9842456	-6.8067786e-17	-3.0951267e+11	307.9716
1.7669229998256502e-10	0.17343655	0.009061337	0.9847794	-6.807488e-17	-3.0951267e+11	307.9716
1.7669229998256502e-10	0.17343655	0.0090613365	0.9847794	-6.8071445e-17	-2.857527e+11	307.98795
1.7770898091821003e-10	0.17067465	0.00851996	0.9852685	-6.807726e-17	-2.857527e+11	307.98795
1.7770898091821003e-10	0.17067465	0.00851996	0.98526853	-6.807465e-17	-2.6347443e+11	308.0006
1.7872545214836906e-10	0.16816252	0.0077502774	0.98570836	-6.807929e-17	-2.6347443e+11	308.0006
1.7872545214836906e-10	0.16816251	0.007750277	0.98570836	-6.807731e-17	-2.4264245e+11	308.01016
1.7974191488279812e-10	0.16592523	0.0067894706	0.98609614	-6.808091e-17	-2.4264245e+11	308.01016
1.7974191488279812e-10	0.16592523	0.0067894706	0.98609614	-6.8079506e-17	-2.232114e+11	308.017
1.8075880811045745e-10	0.16398036	0.0056775715	0.98642987	-6.808222e-17	-2.232114e+11	308.017
1.8075880811045745e-10	0.16398036	0.005677571	0.98642987	-6.808127e-17	-2.051283e+11	308.0215
1.8177539302975603e-10	0.16234034	0.004457938	0.98670876	-6.808322e-17	-2.051283e+11	308.0215
1.8177539302975603e-10	0.16234034	0.004457938	0.98670876	-6.8082675e-17	-1.8833457e+11	308.02405
1.827919576641578e-10	0.16100793	0.0031736034	0.9869331	-6.808397e-17	-1.8833457e+11	308.02405
1.827919576641578e-10	0.16100793	0.0031736034	0.9869331	-6.808376e-17	-1.7276784e+11	308.0249
1.8380802744879647e-10	0.15997958	0.0018679391	0.98710454	-6.808454e-17	-1.7276784e+11	308.0249
1.8380802744879647e-10	0.15997955	0.0018679391	0.98710454	-6.808469e-17	-1.5836342e+11	308.02435
1.8482400006226767e-10	0.15924369	0.00058139785	0.98722565	-6.808507e-17	-1.5836342e+11	308.02435
1.8482400006226767e-10	0.1592437	0.0005813979	0.98722565	-6.8085415e-17	-1.4505555e+11	308.0226
1.85840027729056e-10	0.15878291	-0.0006482375	0.9873004	-6.808547e-17	-1.4505555e+11	308.0226
1.85840027729056e-10	0.15878291	-0.0006482375	0.9873004	-6.808603e-17	-1.3277846e+11	308.01984
1.8685600678757492e-10	0.15857439	-0.0017866879	0.9873327	-6.808587e-17	-1.3277846e+11	308.01984
1.8685600678757492e-10	0.1585744	-0.0017866879	0.9873327	-6.8086606e-17	-1.2146716e+11	308.0162
1.8787224467344017e-10	0.15859053	-0.0028047678	0.9873278	-6.8086315e-17	-1.2146716e+11	308.0162
1.8787224467344017e-10	0.15859053	-0.0028047678	0.9873278	-6.808723e-17	-1.1105815e+11	308.01187
1.8888844397736597e-10	0.15879998	-0.0036779002	0.987291	-6.808681e-17	-1.1105815e+11	308.01187
1.8888844397736597e-10	0.15879998	-0.0036779002	0.987291	-6.808785e-17	-1.0148991e+11	308.00693
1.899049031042057e-10	0.15916884	-0.004387758	0.9872284	-6.808745e-17	-1.0148991e+11	308.00693
1.899049031042057e-10	0.15916884	-0.004387758	0.9872284	-6.808857e-17	-9.270326e+10	308.0015
1.909210812954043e-10	0.15966117	-0.0049213856	0.9871459	-6.808815e-17	-9.270326e+10	308.0015
1.909210812954043e-10	0.15966114	-0.0049213856	0.9871459	-6.808937e-17	-8.464167e+10	307.99564
1.9193710656587395e-10	0.16024077	-0.0052723684	0.9870494	-6.8088975e-17	-8.464167e+10	307.99564
1.9193710656587395e-10	0.16024074	-0.0052723684	0.98704946	-6.809027e-17	-7.725141e+10	307.9894
1.9295313319468345e-10	0.16087192	-0.005440073	0.98694503	-6.8089954e-17	-7.725141e+10	307.9894
1.9295313319468345e-10	0.16087192	-0.005440074	0.98694515	-6.809129e-17	-7.048167e+10	307.9829
1.9396942325628104e-10	0.16152059	-0.0054293377	0.9868384	-6.8091046e-17	-7.048167e+10	307.9829
1.9396942325628104e-10	0.16152059	-0.0054293377	0.9868384	-6.809244e-17	-6.428458e+10	307.97617
1.9498576284162338e-10	0.16215459	-0.005250045	0.9867345	-6.809227e-17	-6.428458e+10	307.97617
1.9498576284162338e-10	0.16215459	-0.005250045	0.9867345	-6.8093693e-17	-5.861525e+10	307.9692
1.9600207562703019e-10	0.16274498	-0.0049167094	0.98663807	-6.80936e-17	-5.861525e+10	307.9692
1.9600207562703019e-10	0.16274498	-0.0049167094	0.98663807	-6.809507e-17	-5.343167e+10	307.9621
1.9701864063766935e-10	0.16326672	-0.004447555	0.98655313	-6.8095037e-17	-5.343167e+10	307.9621
1.9701864063766935e-10	0.16326672	-0.004447555	0.98655313	-6.809654e-17	-4.8694673e+10	307.95483
1.9803518550293409e-10	0.16369864	-0.0038641163	0.9864832	-6.8096565e-17	-4.8694673e+10	307.95483
1.9803518550293409e-10	0.16369864	-0.0038641163	0.9864832	-6.809808e-17	-4.4367815e+10	307.94748
1.990516510374643e-10	0.1640243	-0.0031901884	0.9864307	-6.809816e-17	-4.4367815e+10	307.94748
1.990516510374643e-10	0.1640243	-0.0031901887	0.9864307	-6.8099695e-17	-4.041728e+10	307.94003
2.000682460160158e-10	0.16423197	-0.0024508403	0.9863975	-6.809981e-17	-4.041728e+10	307.94003
2.000682460160158e-10	0.16423199	-0.0024508403	0.9863975	-6.810139e-17	-3.681174e+10	307.9325
2.010849942851662e-10	0.16431472	-0.0016718619	0.9863847	-6.810153e-17	-3.681174e+10	307.9325
2.010849942851662e-10	0.16431472	-0.0016718619	0.9863847	-6.810312e-17	-3.3522235e+10	307.9249
2.0210136985368497e-10	0.16427027	-0.00087930576	0.98639256	-6.810328e-17	-3.3522235e+10	307.9249
2.0210136985368497e-10	0.16427027	-0.0008793057	0.9863925	-6.810486e-17	-3.0522032e+10	307.91724
2.0311806592999498e-10	0.1641008	-9.7357144e-05	0.98642087	-6.8105055e-17	-3.0522032e+10	307.91724
2.0311806592999498e-10	0.1641008	-9.7357144e-05	0.98642087	-6.810665e-17	-2.778649e+10	307.90958
2.0413443323598092e-10	0.16381271	0.0006504037	0.9864683	-6.810686e-17	-2.778649e+10	307.90958
2.0413443323598092e-10	0.16381271	0.0006504037	0.9864683	-6.810845e-17	-2.5292927e+10	307.90186
2.051506966873073e-10	0.16341601	0.0013433165	0.9865334	-6.8108655e-17	-2.5292927e+10	307.90186
2.051506966873073e-10	0.163416	0.0013433165	0.9865334	-6.811027e-17	-2.302049e+10	307.8941
2.0616686356459872e-10	0.16292381	0.001963298	0.9866138	-6.8110475e-17	-2.302049e+10	307.8941
2.0616686356459872e-10	0.16292383	0.001963298	0.9866138	-6.8112063e-17	-2.0950028e+10	307.88635
2.0718337404247942e-10	0.16235156	0.002495571	0.9867072	-6.8112275e-17	-2.0950028e+10	307.88635
2.0718337404247942e-10	0.16235156	0.002495571	0.9867072	-6.811386e-17	-1.906397e+10	307.87857
2.0819981127899105e-10	0.16171706	0.0029283094	0.9868105	-6.811404e-17	-1.906397e+10	307.87857
2.0819981127899105e-10	0.16171706	0.0029283096	0.9868105	-6.811569e-17	-1.7346204e+10	307.8708
2.092162914962105e-10	0.16103911	0.0032535754	0.9869207	-6.811586e-17	-1.7346204e+10	307.8708
2.092162914962105e-10	0.16103911	0.0032535754	0.9869207	-6.811744e-17	-1.5781972e+10	307.863
2.1023235700857398e-10	0.16033752	0.0034669118	0.9870348	-6.81176e-17	-1.5781972e+10	307.863
2.1023235700857398e-10	0.16033752	0.0034669118	0.9870348	-6.811924e-17	-1.435777e+10	307.8552
2.1124827972655757e-10	0.15963158	0.0035677252	0.98714954	-6.811939e-17	-1.435777e+10	307.8552
2.1124827972655757e-10	0.1596316	0.0035677252	0.98714954	-6.812101e-17	-1.3061239e+10	307.8474
2.122643226137675e-10	0.15893993	0.0035586783	0.98726183	-6.812113e-17	-1.3061239e+10	307.8474
2.122643226137675e-10	0.15893993	0.0035586783	0.98726183	-6.812275e-17	-1.1881081e+10	307.8396
2.132803231390121e-10	0.1582803	0.003445576	0.9873689	-6.812285e-17	-1.1881081e+10	307.8396
2.132803231390121e-10	0.1582803	0.003445576	0.98736894	-6.812444e-17	-1.0806974e+10	307.8318
2.1429656005893125e-10	0.1576685	0.003236992	0.9874683	-6.8124524e-17	-1.0806974e+10	307.8318
2.1429656005893125e-10	0.1576685	0.003236992	0.9874683	-6.81262e-17	-9.829489e+09	307.824
2.1531288099982162e-10	0.15711854	0.002944006	0.98755753	-6.812625e-17	-9.829489e+09	307.824
2.1531288099982162e-10	0.15711854	0.0029440054	0.98755753	-6.812785e-17	-8.940018e+09	307.8162
2.1632885034849723e-10	0.15664217	0.0025797896	0.987635	-6.812792e-17	-8.940018e+09	307.8162
2.1632885034849723e-10	0.15664217	0.0025797896	0.987635	-6.812956e-17	-8.130704e+09	307.8084
2.1734476823278867e-10	0.15624802	0.0021588018	0.9876991	-6.812961e-17	-8.130704e+09	307.8084
2.1734476823278867e-10	0.15624802	0.002158802	0.9876991	-6.8131234e-17	-7.394382e+09	307.80063
2.1836096912845639e-10	0.15594205	0.0016963711	0.987749	-6.813128e-17	-7.394382e+09	307.80063
2.1836096912845639e-10	0.15594205	0.001696371	0.987749	-6.813287e-17	-6.724516e+09	307.79285
2.1937729719287363e-10	0.15572758	0.0012084435	0.98778397	-6.8132895e-17	-6.724516e+09	307.79285
2.1937729719287363e-10	0.15572758	0.0012084435	0.98778397	-6.813453e-17	-6.1151473e+09	307.78506
2.203935528082406e-10	0.15560511	0.000711	0.9878042	-6.813454e-17	-6.1151473e+09	307.78506
2.203935528082406e-10	0.15560512	0.000711	0.9878042	-6.813619e-17	-5.560844e+09	307.77728
2.2140972979668e-10	0.15557235	0.00021938607	0.98780996	-6.81362e-17	-5.560844e+09	307.77728
2.2140972979668e-10	0.15557234	0.0002193861	0.98780996	-6.813781e-17	-5.0566574e+09	307.76953
2.2242581870158953e-10	0.15562457	-0.00025203387	0.987802	-6.8137825e-17	-5.0566574e+09	307.76953
2.2242581870158953e-10	0.15562455	-0.00025203387	0.987802	-6.813944e-17	-4.5980785e+09	307.76178
2.2344202852806948e-10	0.15575476	-0.00069032225	0.9877813	-6.813947e-17	-4.5980785e+09	307.76178
2.2344202852806948e-10	0.15575477	-0.00069032225	0.9877813	-6.814106e-17	-4.181e+09	307.754
2.2445831483236976e-10	0.15595418	-0.0010841177	0.98774946	-6.814106e-17	-4.181e+09	307.754
2.2445831483236976e-10	0.15595418	-0.0010841177	0.98774946	-6.814266e-17	-3.8016812e+09	307.74628
2.2547449205867648e-10	0.15621233	-0.0014239155	0.98770815	-6.814271e-17	-3.8016812e+09	307.74628
2.2547449205867648e-10	0.15621233	-0.0014239155	0.98770815	-6.814433e-17	-3.456716e+09	307.73853
2.2649037143960746e-10	0.1565176	-0.0017023628	0.98765916	-6.8144356e-17	-3.456716e+09	307.73853
2.2649037143960746e-10	0.15651762	-0.0017023628	0.98765916	-6.8145945e-17	-3.143004e+09	307.7308
2.275064600286461e-10	0.15685788	-0.001914518	0.9876046	-6.814598e-17	-3.143004e+09	307.7308
2.275064600286461e-10	0.15685786	-0.001914518	0.9876046	-6.814756e-17	-2.8577216e+09	307.72308
2.2852249795497013e-10	0.15722042	-0.0020574736	0.98754627	-6.814755e-17	-2.8577216e+09	307.72308
2.2852249795497013e-10	0.15722041	-0.0020574736	0.98754627	-6.814917e-17	-2.5983e+09	307.71536
2.295386522015644e-10	0.15759268	-0.0021306188	0.98748636	-6.814918e-17	-2.5983e+09	307.71536
2.295386522015644e-10	0.15759268	-0.0021306188	0.98748636	-6.815078e-17	-2.3624003e+09	307.70764
2.3055465636205108e-10	0.1579624	-0.00213543	0.98742676	-6.815079e-17	-2.3624003e+09	307.70764
2.3055465636205108e-10	0.1579624	-0.00213543	0.98742676	-6.815237e-17	-2.147895e+09	307.69995
2.3157084051139563e-10	0.15831827	-0.0020753655	0.9873694	-6.8152383e-17	-2.147895e+09	307.69995
2.3157084051139563e-10	0.15831825	-0.0020753655	0.9873694	-6.815403e-17	-1.9528477e+09	307.69226
2.325871059077535e-10	0.15864988	-0.0019556137	0.98731595	-6.815404e-17	-1.9528477e+09	307.69226
2.325871059077535e-10	0.15864986	-0.0019556137	0.98731595	-6.8155606e-17	-1.7754967e+09	307.68457
2.3360344700453453e-10	0.15894815	-0.0017828965	0.98726785	-6.815563e-17	-1.7754967e+09	307.68457
2.3360344700453453e-10	0.15894815	-0.0017828965	0.98726785	-6.8157234e-17	-1.614239e+09	307.67688
2.3461928056533526e-10	0.15920536	-0.0015652922	0.9872263	-6.815725e-17	-1.614239e+09	307.67688
2.3461928056533526e-10	0.15920536	-0.0015652922	0.9872263	-6.815886e-17	-1.4676166e+09	307.66922
2.356351172790779e-10	0.15941575	-0.0013115841	0.98719233	-6.8158875e-17	-1.4676166e+09	307.66922
2.356351172790779e-10	0.15941577	-0.0013115841	0.98719233	-6.816044e-17	-1.3343031e+09	307.66153
2.3665121561705827e-10	0.15957521	-0.0010311953	0.98716646	-6.816047e-17	-1.3343031e+09	307.66153
2.3665121561705827e-10	0.15957521	-0.0010311953	0.98716646	-6.816205e-17	-1.2130921e+09	307.6539
2.376676976476748e-10	0.15968126	-0.0007338535	0.9871492	-6.8162065e-17	-1.2130921e+09	307.6539
2.376676976476748e-10	0.15968126	-0.0007338535	0.9871492	-6.816364e-17	-1.102886e+09	307.64624
2.38684272717306e-10	0.15973318	-0.00042941753	0.9871408	-6.816364e-17	-1.102886e+09	307.64624
2.38684272717306e-10	0.15973318	-0.00042941753	0.9871408	-6.816527e-17	-1.00268685e+09	307.63858
2.3970070838173034e-10	0.15973194	-0.00012742459	0.9871408	-6.816528e-17	-1.00268685e+09	307.63858
2.3970070838173034e-10	0.15973195	-0.00012742459	0.9871408	-6.816685e-17	-9.115868e+08	307.63095
2.407169835964915e-10	0.15968013	0.00016320107	0.98714906	-6.8166856e-17	-9.115868e+08	307.63095
2.407169835964915e-10	0.15968013	0.00016320107	0.98714906	-6.816845e-17	-8.2876026e+08	307.62332
2.4173320779682836e-10	0.15958169	0.00043439894	0.98716486	-6.816849e-17	-8.2876026e+08	307.62332
2.4173320779682836e-10	0.15958169	0.00043439894	0.98716486	-6.8170045e-17	-7.534565e+08	307.61572
2.427495608765278e-10	0.15944171	0.0006791013	0.98718727	-6.817006e-17	-7.534565e+08	307.61572
2.427495608765278e-10	0.15944172	0.0006791012	0.98718727	-6.817165e-17	-6.849928e+08	307.6081
2.4376590826836233e-10	0.15926641	0.0008913519	0.9872155	-6.8171667e-17	-6.849928e+08	307.6081
2.4376590826836233e-10	0.15926641	0.000891352	0.9872155	-6.8173235e-17	-6.227481e+08	307.6005
2.44782293651686e-10	0.15906256	0.0010664868	0.9872483	-6.8173255e-17	-6.227481e+08	307.6005
2.44782293651686e-10	0.15906258	0.0010664868	0.9872483	-6.8174803e-17	-5.6615795e+08	307.5929
2.4579866320545727e-10	0.15883762	0.0012011832	0.9872848	-6.817483e-17	-5.6615795e+08	307.5929
2.4579866320545727e-10	0.15883763	0.0012011832	0.9872848	-6.81764e-17	-5.1470893e+08	307.5853
2.468149431772975e-10	0.15859923	0.0012935259	0.9873231	-6.817641e-17	-5.1470893e+08	307.5853
2.468149431772975e-10	0.15859923	0.0012935259	0.9873231	-6.8178e-17	-4.6793418e+08	307.57773
2.4783127864669563e-10	0.15835497	0.0013429702	0.98736256	-6.8178e-17	-4.6793418e+08	307.57773
2.4783127864669563e-10	0.15835495	0.0013429701	0.98736256	-6.8179575e-17	-4.2540925e+08	307.57016
2.4884730716304335e-10	0.15811239	0.0013502584	0.9874018	-6.8179575e-17	-4.2540925e+08	307.57016
2.4884730716304335e-10	0.15811239	0.0013502584	0.98740166	-6.8181176e-17	-3.8674813e+08	307.5626
2.4986329832841964e-10	0.15787843	0.0013173878	0.9874396	-6.8181176e-17	-3.8674813e+08	307.5626
2.4986329832841964e-10	0.15787843	0.0013173878	0.9874396	-6.818275e-17	-3.5159994e+08	307.55502
2.5087946838924937e-10	0.15765941	0.0012474105	0.98747504	-6.818275e-17	-3.5159994e+08	307.55502
2.5087946838924937e-10	0.1576594	0.0012474105	0.98747504	-6.818433e-17	-3.1964554e+08	307.5475
2.5189581064818754e-10	0.15746096	0.0011443298	0.9875071	-6.818434e-17	-3.1964554e+08	307.5475
2.5189581064818754e-10	0.15746096	0.0011443298	0.9875071	-6.818589e-17	-2.905948e+08	307.53995
2.529121511431886e-10	0.15728784	0.0010129473	0.98753524	-6.81859e-17	-2.905948e+08	307.53995
2.529121511431886e-10	0.15728784	0.0010129472	0.98753524	-6.818748e-17	-2.6418398e+08	307.5324
2.5392867255557227e-10	0.15714374	0.0008586392	0.98755866	-6.818747e-17	-2.6418398e+08	307.5324
2.5392867255557227e-10	0.15714374	0.0008586392	0.98755866	-6.818902e-17	-2.4017325e+08	307.52487
2.549450821387582e-10	0.15703139	0.0006872472	0.98757684	-6.818903e-17	-2.4017325e+08	307.52487
2.549450821387582e-10	0.15703137	0.0006872472	0.98757684	-6.819062e-17	-2.1834451e+08	307.51736
2.559610207204888e-10	0.15695232	0.00050486234	0.9875898	-6.819062e-17	-2.1834451e+08	307.51736
2.559610207204888e-10	0.15695232	0.00050486234	0.9875898	-6.819219e-17	-1.9849954e+08	307.50983
2.5697681249095053e-10	0.15690702	0.00031745253	0.9875972	-6.8192194e-17	-1.9849954e+08	307.50983
2.5697681249095053e-10	0.15690702	0.00031745253	0.9875972	-6.8193756e-17	-1.8045808e+08	307.50232
2.579928499730713e-10	0.15689495	0.00013080212	0.9875994	-6.819374e-17	-1.8045808e+08	307.50232
2.579928499730713e-10	0.15689497	0.00013080212	0.9875994	-6.819533e-17	-1.6405626e+08	307.49484
2.5900871766435783e-10	0.15691459	-4.9473703e-05	0.98759645	-6.819534e-17	-1.6405626e+08	307.49484
2.5900871766435783e-10	0.15691462	-4.9473703e-05	0.98759633	-6.819687e-17	-1.4914509e+08	307.48734
2.600250250513701e-10	0.15696368	-0.00021844715	0.9875885	-6.819688e-17	-1.4914509e+08	307.48734
2.600250250513701e-10	0.15696368	-0.00021844715	0.9875885	-6.8198434e-17	-1.355891e+08	307.47986
2.6104149515368706e-10	0.15703903	-0.00037159302	0.9875765	-6.819845e-17	-1.355891e+08	307.47986
2.6104149515368706e-10	0.15703905	-0.00037159302	0.9875765	-6.82e-17	-1.2326517e+08	307.47238
2.6205783963776186e-10	0.15713693	-0.00050512695	0.98756087	-6.820001e-17	-1.2326517e+08	307.47238
2.6205783963776186e-10	0.15713693	-0.00050512695	0.98756087	-6.8201564e-17	-1.1206131e+08	307.4649
2.6307419531839585e-10	0.15725319	-0.0006161009	0.9875422	-6.820157e-17	-1.1206131e+08	307.4649
2.6307419531839585e-10	0.15725318	-0.00061610085	0.9875422	-6.820312e-17	-1.0187575e+08	307.45746
2.6409043152464423e-10	0.1573832	-0.0007023687	0.98752123	-6.820313e-17	-1.0187575e+08	307.45746
2.6409043152464423e-10	0.1573832	-0.00070236874	0.9875213	-6.820467e-17	-9.2615944e+07	307.45
2.6510657235888083e-10	0.1575223	-0.0007626613	0.98749894	-6.820464e-17	-9.2615944e+07	307.45
2.6510657235888083e-10	0.1575223	-0.0007626613	0.98749894	-6.82062e-17	-8.419775e+07	307.44257
2.661225712927175e-10	0.15766574	-0.00079654565	0.9874759	-6.8206216e-17	-8.419775e+07	307.44257
2.661225712927175e-10	0.15766574	-0.00079654565	0.9874759	-6.820776e-17	-7.654469e+07	307.43512
2.671387552340977e-10	0.15780896	-0.00080439704	0.9874526	-6.820776e-17	-7.654469e+07	307.43512
2.671387552340977e-10	0.15780896	-0.00080439704	0.9874526	-6.8209313e-17	-6.9587224e+07	307.42767
2.681550143547915e-10	0.15794757	-0.00078732905	0.9874304	-6.820932e-17	-6.9587224e+07	307.42767
2.681550143547915e-10	0.15794757	-0.00078732905	0.9874304	-6.821086e-17	-6.3262124e+07	307.42026
2.691712428995236e-10	0.15807757	-0.0007471581	0.98740935	-6.821088e-17	-6.3262124e+07	307.42026
2.691712428995236e-10	0.15807757	-0.0007471581	0.98740935	-6.821239e-17	-5.751193e+07	307.41284
2.7018781229746105e-10	0.15819545	-0.00068627164	0.9873903	-6.821242e-17	-5.751193e+07	307.41284
2.7018781229746105e-10	0.15819544	-0.00068627164	0.9873903	-6.821395e-17	-5.228438e+07	307.40543
2.7120390012008693e-10	0.15829815	-0.0006076118	0.9873737	-6.821395e-17	-5.228438e+07	307.40543
2.7120390012008693e-10	0.15829813	-0.0006076118	0.9873737	-6.8215474e-17	-4.753198e+07	307.39804
2.722198218761845e-10	0.15838337	-0.00051446114	0.9873599	-6.821549e-17	-4.753198e+07	307.39804
2.722198218761845e-10	0.15838337	-0.00051446114	0.9873599	-6.821706e-17	-4.3211544e+07	307.39062
2.7323609307953793e-10	0.1584494	-0.00041029038	0.9873492	-6.8217056e-17	-4.3211544e+07	307.39062
2.7323609307953793e-10	0.15844941	-0.00041029038	0.9873492	-6.821858e-17	-3.9283804e+07	307.38324
2.7425221773173533e-10	0.15849516	-0.0002988504	0.9873417	-6.821857e-17	-3.9283804e+07	307.38324
2.7425221773173533e-10	0.15849514	-0.0002988504	0.9873417	-6.8220106e-17	-3.571307e+07	307.37585
2.7526845761529194e-10	0.15852024	-0.0001838084	0.9873376	-6.822011e-17	-3.571307e+07	307.37585
2.7526845761529194e-10	0.15852024	-0.0001838084	0.9873376	-6.822164e-17	-3.24669e+07	307.3685
2.762847163550182e-10	0.15852489	-6.879734e-05	0.9873367	-6.822164e-17	-3.24669e+07	307.3685
2.762847163550182e-10	0.15852487	-6.879732e-05	0.9873367	-6.822318e-17	-2.9515788e+07	307.36115
2.773004196037872e-10	0.15850994	4.2688836e-05	0.9873391	-6.822317e-17	-2.9515788e+07	307.36115
2.773004196037872e-10	0.15850994	4.2688836e-05	0.9873391	-6.822471e-17	-2.6832916e+07	307.35376
2.7831631401238145e-10	0.1584768	0.00014759673	0.9873444	-6.822474e-17	-2.6832916e+07	307.35376
2.7831631401238145e-10	0.1584768	0.00014759673	0.9873444	-6.822624e-17	-2.4393904e+07	307.34644
2.793321328912016e-10	0.1584273	0.00024310341	0.9873523	-6.822622e-17	-2.4393904e+07	307.34644
2.793321328912016e-10	0.1584273	0.00024310341	0.9873523	-6.822777e-17	-2.2176586e+07	307.33908
2.803480275662907e-10	0.15836367	0.00032686954	0.9873625	-6.822777e-17	-2.2176586e+07	307.33908
2.803480275662907e-10	0.15836367	0.00032686954	0.9873625	-6.82293e-17	-2.0160814e+07	307.33176
2.813642050660558e-10	0.15828846	0.00039702342	0.9873746	-6.8229305e-17	-2.0160814e+07	307.33176
2.813642050660558e-10	0.15828846	0.00039702342	0.9873746	-6.8230827e-17	-1.8328264e+07	307.32443
2.8238021439023987e-10	0.1582044	0.00045214876	0.98738813	-6.823083e-17	-1.8328264e+07	307.32443
2.8238021439023987e-10	0.15820442	0.00045214873	0.98738813	-6.823232e-17	-1.6662288e+07	307.3171
2.833963834742025e-10	0.15811442	0.00049138616	0.9874027	-6.8232335e-17	-1.6662288e+07	307.3171
2.833963834742025e-10	0.15811442	0.00049138616	0.9874027	-6.823386e-17	-1.5147741e+07	307.30978
2.8441245395398553e-10	0.1580214	0.00051440246	0.9874177	-6.823387e-17	-1.5147741e+07	307.30978
2.8441245395398553e-10	0.1580214	0.00051440246	0.9874177	-6.8235386e-17	-1.377086e+07	307.3025
2.854286269577345e-10	0.15792817	0.00052135636	0.9874328	-6.82354e-17	-1.377086e+07	307.3025
2.854286269577345e-10	0.1579282	0.0005213563	0.9874328	-6.8236915e-17	-1.2519133e+07	307.29517
2.864447651637809e-10	0.15783748	0.0005128719	0.9874474	-6.82369e-17	-1.2519133e+07	307.29517
2.864447651637809e-10	0.15783748	0.0005128719	0.9874474	-6.8238423e-17	-1.1381183e+07	307.28787
2.874607841129731e-10	0.1577518	0.00049001037	0.9874612	-6.8238423e-17	-1.1381183e+07	307.28787
2.874607841129731e-10	0.15775177	0.00049001037	0.9874612	-6.823996e-17	-1.0346669e+07	307.2806
2.884768927899939e-10	0.15767328	0.0004541984	0.98747396	-6.823994e-17	-1.0346669e+07	307.2806
2.884768927899939e-10	0.15767328	0.00045419837	0.98747396	-6.824145e-17	-9.406188e+06	307.27332
2.8949306338280437e-10	0.15760387	0.00040716937	0.98748523	-6.824144e-17	-9.406188e+06	307.27332
2.8949306338280437e-10	0.15760386	0.00040716937	0.98748523	-6.824298e-17	-8.551194e+06	307.26605
2.9050936511117553e-10	0.15754503	0.00035091993	0.9874947	-6.8242996e-17	-8.551194e+06	307.26605
2.9050936511117553e-10	0.15754503	0.0003509199	0.9874947	-6.824447e-17	-7.773916e+06	307.2588
2.9152563451068546e-10	0.15749793	0.00028760213	0.9875024	-6.824447e-17	-7.773916e+06	307.2588
2.9152563451068546e-10	0.15749793	0.00028760213	0.9875024	-6.824601e-17	-7.0672895e+06	307.25153
2.9254177582265035e-10	0.15746325	0.00021948261	0.987508	-6.8245994e-17	-7.0672895e+06	307.25153
2.9254177582265035e-10	0.15746327	0.00021948261	0.987508	-6.824748e-17	-6.4248935e+06	307.2443
2.9355788260399386e-10	0.1574413	0.00014884508	0.98751163	-6.82475e-17	-6.4248935e+06	307.2443
2.9355788260399386e-10	0.1574413	0.00014884507	0.98751163	-6.8249025e-17	-5.8408895e+06	307.23706
2.9457385662827614e-10	0.15743199	7.7937344e-05	0.9875132	-6.8249025e-17	-5.8408895e+06	307.23706
2.9457385662827614e-10	0.15743198	7.7937344e-05	0.9875132	-6.8250533e-17	-5.3099695e+06	307.22983
2.955896467508524e-10	0.15743482	8.87814e-06	0.9875128	-6.825052e-17	-5.3099695e+06	307.22983
2.955896467508524e-10	0.15743482	8.87814e-06	0.9875128	-6.825205e-17	-4.827308e+06	307.2226
2.966055139775388e-10	0.15744899	-5.6371824e-05	0.9875105	-6.8252055e-17	-4.827308e+06	307.2226
2.966055139775388e-10	0.15744899	-5.6371824e-05	0.9875105	-6.825353e-17	-4.3885195e+06	307.21536
2.976216967229113e-10	0.15747344	-0.0001161047	0.98750657	-6.825351e-17	-4.3885195e+06	307.21536
2.976216967229113e-10	0.15747346	-0.00011610471	0.98750657	-6.825504e-17	-3.9896152e+06	307.20816
2.986379531533987e-10	0.15750682	-0.00016878863	0.9875013	-6.825504e-17	-3.9896152e+06	307.20816
2.986379531533987e-10	0.15750682	-0.00016878863	0.9875013	-6.8256516e-17	-3.6269705e+06	307.20096
2.996538639033947e-10	0.15754753	-0.00021321495	0.9874948	-6.825653e-17	-3.6269705e+06	307.20096
2.996538639033947e-10	0.15754753	-0.00021321498	0.9874948	-6.8258024e-17	-3.2972888e+06	307.19376
3.0066990020921163e-10	0.15759395	-0.00024850323	0.9874872	-6.825803e-17	-3.2972888e+06	307.19376
3.0066990020921163e-10	0.15759395	-0.00024850323	0.9874872	-6.840051e-17	0	306.5092
3.01685908664511e-10	0.15763369	-0.00022941171	0.98748094	-6.84005e-17	0	306.5092
3.027021501737153e-10	0.15766853	-0.00020445208	0.9874753	-6.84005e-17	0	306.5092
3.037185125083778e-10	0.15769768	-0.00017471118	0.9874705	-6.84005e-17	0	306.5092
3.047349291789314e-10	0.15772057	-0.00014135569	0.9874667	-6.84005e-17	0	306.5092
3.05751275072139e-10	0.15773685	-0.0001055978	0.987464	-6.84005e-17	0	306.5092
3.0676769635990027e-10	0.15774645	-6.86449e-05	0.9874624	-6.840048e-17	0	306.5092
3.0778421186512026e-10	0.15774941	-3.1677082e-05	0.9874619	-6.840052e-17	0	306.5092
3.0880061358742073e-10	0.15774603	4.1835538e-06	0.9874624	-6.840049e-17	0	306.5092
3.098170762406886e-10	0.15773675	3.7925965e-05	0.98746383	-6.84005e-17	0	306.5092
3.1066990020921165e-10	0.15772487	6.394201e-05	0.9874656	-6.84005e-17	0	306.5092
3.1066990020921165e-10	0.15772487	6.394201e-05	0.9874656	-6.852946e-17	0	305.88974
3.11704426711856e-10	0.15769608	0.00013352917	0.98747015	-6.8529445e-17	0	305.88974
3.12772827323182e-10	0.15765506	0.00019702406	0.98747665	-6.852946e-17	0	305.88974
3.1382750098774554e-10	0.15760532	0.0002497632	0.98748463	-6.8529426e-17	0	305.88974
3.148555373443362e-10	0.15754996	0.00029053632	0.9874935	-6.852944e-17	0	305.88974
3.1586700939130207e-10	0.15749098	0.0003197157	0.9875029	-6.852946e-17	0	305.88974
3.168744243017953e-10	0.15742975	0.00033769512	0.9875127	-6.852945e-17	0	305.88974
3.178847494066787e-10	0.15736786	0.00034466467	0.9875226	-6.852947e-17	0	305.88974
3.188990820041169e-10	0.15730709	0.0003409008	0.98753226	-6.852944e-17	0	305.88974
3.1991615548672626e-10	0.15724933	0.00032699326	0.98754156	-6.852946e-17	0	305.88974
3.2066990020921167e-10	0.1572095	0.00031069948	0.987548	-6.852945e-17	0	305.88974
3.2066990020921167e-10	0.15720952	0.00031069948	0.987548	-6.86462e-17	0	305.32925
3.2171582133154747e-10	0.15715039	0.00031846022	0.9875575	-6.8646184e-17	0	305.32925
3.2279025204688475e-10	0.15709087	0.0003153909	0.987567	-6.8646204e-17	0	305.32925
3.238456562240187e-10	0.15703547	0.0003021625	0.98757595	-6.8646184e-17	0	305.32925
3.2487173208918644e-10	0.15698609	0.0002805296	0.9875838	-6.864619e-17	0	305.32925
3.2588116354741675e-10	0.15694308	0.00025190023	0.9875907	-6.8646204e-17	0	305.32925
3.2688795191890585e-10	0.15690675	0.0002173195	0.9875967	-6.864619e-17	0	305.32925
3.278985340647601e-10	0.15687752	0.00017790325	0.9876012	-6.864619e-17	0	305.32925
3.2891346060324453e-10	0.15685606	0.00013500397	0.9876047	-6.8646204e-17	0	305.32925
3.299309100275148e-10	0.15684268	9.013856e-05	0.9876069	-6.8646223e-17	0	305.32925
3.306699002092117e-10	0.15683807	5.7217752e-05	0.98760766	-6.864619e-17	0	305.32925
3.306699002092117e-10	0.15683806	5.7217752e-05	0.9876077	-6.8751864e-17	0	304.8221
3.3171787972366753e-10	0.15683043	4.544015e-05	0.98760885	-6.875185e-17	0	304.8221
3.3279286315202396e-10	0.15682504	3.2487944e-05	0.9876098	-6.8751845e-17	0	304.8221
3.3384800490314904e-10	0.15682213	1.936713e-05	0.9876102	-6.8751845e-17	0	304.8221
3.3487371883354886e-10	0.15682162	6.640471e-06	0.9876102	-6.8751845e-17	0	304.8221
3.3588307885678527e-10	0.15682325	-5.483446e-06	0.98761	-6.875185e-17	0	304.8221
3.3688979872272343e-10	0.1568268	-1.684505e-05	0.9876094	-6.875186e-17	0	304.8221
3.379001192793023e-10	0.15683211	-2.7217484e-05	0.9876085	-6.8751864e-17	0	304.8221
3.389148865508946e-10	0.15683901	-3.633932e-05	0.98760736	-6.875185e-17	0	304.8221
3.399323135352534e-10	0.15684718	-4.3974065e-05	0.98760605	-6.875185e-17	0	304.8221
3.406699002092117e-10	0.15685372	-4.8471407e-05	0.98760504	-6.8751864e-17	0	304.8221
3.406699002092117e-10	0.15685374	-4.8471407e-05	0.98760504	-6.8847506e-17	0	304.36322
3.417183391107562e-10	0.15685618	-2.2288441e-05	0.9876046	-6.88475e-17	0	304.36322
3.427937935398561e-10	0.15685381	3.7841332e-06	0.9876049	-6.884749e-17	0	304.36322
3.4384917933980924e-10	0.15684704	2.7775977e-05	0.98760605	-6.884749e-17	0	304.36322
3.4487498722134716e-10	0.15683667	4.8909216e-05	0.98760754	-6.884749e-17	0	304.36322
3.4588437609364113e-10	0.15682337	6.706682e-05	0.98760957	-6.884747e-17	0	304.36322
3.4689161557244733e-10	0.1568076	8.2169e-05	0.98761225	-6.884747e-17	0	304.36322
3.479028603170702e-10	0.15678987	9.40094e-05	0.9876149	-6.88475e-17	0	304.36322
3.4891811333147744e-10	0.15677083	0.00010236815	0.987618	-6.884749e-17	0	304.36322
3.4993554677149345e-10	0.15675113	0.0001071387	0.98762107	-6.8847486e-17	0	304.36322
3.506699002092117e-10	0.15673687	0.00010836437	0.98762333	-6.884749e-17	0	304.36322
3.506699002092117e-10	0.15673688	0.00010836438	0.98762333	-6.8934016e-17	0	303.94803
3.517179362120895e-10	0.15671024	0.00013499967	0.98762757	-6.8934016e-17	0	303.94803
3.527923501214815e-10	0.15667927	0.00015624816	0.9876325	-6.893401e-17	0	303.94803
3.5384710734344584e-10	0.15664648	0.00017077378	0.98763776	-6.893403e-17	0	303.94803
3.548731041578344e-10	0.15661348	0.00017874823	0.987643	-6.8934036e-17	0	303.94803
3.558830132857818e-10	0.15658103	0.00018073733	0.9876481	-6.893402e-17	0	303.94803
3.568905554863825e-10	0.15654963	0.00017717286	0.98765314	-6.893404e-17	0	303.94803
3.579018163159301e-10	0.15652	0.00016842016	0.98765796	-6.893404e-17	0	303.94803
3.589172706834665e-10	0.15649298	0.0001549567	0.98766226	-6.893402e-17	0	303.94803
3.599351742316582e-10	0.1564693	0.00013742218	0.9876661	-6.8934016e-17	0	303.94803
3.6066990020921174e-10	0.15645464	0.00012267547	0.9876683	-6.893403e-17	0	303.94803
3.6066990020921174e-10	0.15645464	0.00012267547	0.9876684	-6.901238e-17	0	303.57233
3.617190145206188e-10	0.15643144	0.00012455156	0.9876721	-6.9012373e-17	0	303.57233
3.6279451332909625e-10	0.15640834	0.00012216957	0.9876757	-6.9012373e-17	0	303.57233
3.638491479592757e-10	0.15638705	0.00011589877	0.9876792	-6.901236e-17	0	303.57233
3.6487443140816864e-10	0.15636829	0.000106456435	0.9876821	-6.901236e-17	0	303.57233
3.6588383667087574e-10	0.15635213	9.439027e-05	0.9876847	-6.9012373e-17	0	303.57233
3.668911775267129e-10	0.15633866	8.011385e-05	0.9876869	-6.901237e-17	0	303.57233
3.679028841157507e-10	0.15632811	6.407283e-05	0.98768854	-6.901238e-17	0	303.57233
3.689189780477545e-10	0.1563207	4.68228e-05	0.9876898	-6.901237e-17	0	303.57233
3.6993704073785696e-10	0.15631652	2.8979399e-05	0.9876904	-6.9012373e-17	0	303.57233
3.7066990020921175e-10	0.15631548	1.6113378e-05	0.98769057	-6.901237e-17	0	303.57233
3.7066990020921175e-10	0.15631548	1.6113378e-05	0.98769057	-6.9083266e-17	0	303.23236
3.717187652387043e-10	0.15631124	2.0995096e-05	0.9876912	-6.9083246e-17	0	303.23236
3.7279413768741983e-10	0.1563062	2.4986559e-05	0.987692	-6.908325e-17	0	303.23236
3.738492948624698e-10	0.15630074	2.7820097e-05	0.98769283	-6.9083246e-17	0	303.23236
3.748752074447656e-10	0.15629517	2.9505904e-05	0.9876938	-6.908327e-17	0	303.23236
3.7588501868144187e-10	0.1562896	3.0134812e-05	0.9876946	-6.908327e-17	0	303.23236
3.7689228937493983e-10	0.15628418	2.9775634e-05	0.98769546	-6.908327e-17	0	303.23236
3.779036482588418e-10	0.15627903	2.8486507e-05	0.98769623	-6.908327e-17	0	303.23236
3.7891945239145044e-10	0.15627432	2.6344416e-05	0.987697	-6.9083266e-17	0	303.23236
3.799374212744085e-10	0.15627015	2.346191e-05	0.9876976	-6.908328e-17	0	303.23236
3.8066990020921177e-10	0.15626755	2.1004085e-05	0.987698	-6.908326e-17	0	303.23236
3.8066990020921177e-10	0.15626755	2.1004085e-05	0.987698	-6.9147416e-17	0	302.92477
3.8171896651285476e-10	0.15625948	3.773787e-05	0.9876993	-6.914743e-17	0	302.92477
3.8279400341385267e-10	0.15624851	5.2637744e-05	0.98770094	-6.914742e-17	0	302.92477
3.838486381792604e-10	0.15623565	6.467091e-05	0.98770297	-6.914742e-17	0	302.92477
3.848746900566496e-10	0.15622158	7.3671814e-05	0.98770523	-6.9147435e-17	0	302.92477
3.8588471375594034e-10	0.15620685	7.978859e-05	0.98770756	-6.9147416e-17	0	302.92477
3.868924168469588e-10	0.15619168	8.313392e-05	0.98771	-6.914743e-17	0	302.92477
3.879040447369828e-10	0.15617654	8.377144e-05	0.9877124	-6.9147435e-17	0	302.92477
3.889199629684791e-10	0.15616186	8.1792765e-05	0.98771477	-6.914743e-17	0	302.92477
3.8993815863774765e-10	0.15614809	7.738096e-05	0.987717	-6.914745e-17	0	302.92477
3.906699002092118e-10	0.15613902	7.2855306e-05	0.98771834	-6.914743e-17	0	302.92477
3.906699002092118e-10	0.15613902	7.2855306e-05	0.9877184	-6.9205484e-17	0	302.64642
3.9171946582598597e-10	0.1561229	8.335371e-05	0.98772097	-6.920549e-17	0	302.64642
3.9279459745918795e-10	0.15610515	9.0685666e-05	0.9877238	-6.9205484e-17	0	302.64642
3.938499306590019e-10	0.1560872	9.4453906e-05	0.9877266	-6.9205503e-17	0	302.64642
3.9487613233467655e-10	0.15606987	9.491096e-05	0.9877293	-6.92055e-17	0	302.64642
3.9588611701119554e-10	0.15605344	9.2421775e-05	0.98773193	-6.920552e-17	0	302.64642
3.968936131546834e-10	0.1560381	8.7258675e-05	0.98773444	-6.92055e-17	0	302.64642
3.9790481257252324e-10	0.15602425	7.968351e-05	0.9877366	-6.920549e-17	0	302.64642
3.9892065527455254e-10	0.15601218	7.001772e-05	0.9877385	-6.920549e-17	0	302.64642
3.9993916765262085e-10	0.15600225	5.8664347e-05	0.98774004	-6.9205503e-17	0	302.64642
4.006699002092118e-10	0.15599656	4.9739876e-05	0.98774093	-6.9205503e-17	0	302.64642
4.006699002092118e-10	0.15599656	4.973988e-05	0.98774093	-6.9258006e-17	0	302.3946
4.0171958891695724e-10	0.15598647	5.305917e-05	0.9877426	-6.925801e-17	0	302.3946
4.0279492211485547e-10	0.15597597	5.446092e-05	0.9877443	-6.925801e-17	0	302.3946
4.0385015882285447e-10	0.15596586	5.3925607e-05	0.9877459	-6.925801e-17	0	302.3946
4.048763043026303e-10	0.15595652	5.16985e-05	0.9877473	-6.9258026e-17	0	302.3946
4.0588643037417505e-10	0.15594807	4.8016453e-05	0.9877487	-6.925804e-17	0	302.3946
4.068943220967593e-10	0.15594064	4.3052867e-05	0.9877498	-6.925803e-17	0	302.3946
4.079059905714124e-10	0.15593427	3.699582e-05	0.9877508	-6.925801e-17	0	302.3946
4.089216778193592e-10	0.15592922	3.0073159e-05	0.9877517	-6.9258026e-17	0	302.3946
4.099399769656507e-10	0.15592554	2.2542947e-05	0.9877522	-6.925802e-17	0	302.3946
4.106699002092118e-10	0.15592378	1.6932605e-05	0.98775244	-6.925804e-17	0	302.3946
4.106699002092118e-10	0.15592378	1.6932605e-05	0.98775244	-6.9305586e-17	0	302.16672
4.117192331922657e-10	0.15591884	2.4068691e-05	0.9877533	-6.9305606e-17	0	302.16672
4.127946779269681e-10	0.15591268	3.0139738e-05	0.9877541	-6.930558e-17	0	302.16672
4.138496062502993e-10	0.15590584	3.4737575e-05	0.98775536	-6.930559e-17	0	302.16672
4.148757768477367e-10	0.15589869	3.783939e-05	0.98775643	-6.9305586e-17	0	302.16672
4.158861547091959e-10	0.15589142	3.954619e-05	0.98775756	-6.930558e-17	0	302.16672
4.168940918113823e-10	0.15588416	3.9935534e-05	0.98775864	-6.930558e-17	0	302.16672
4.17905944813139e-10	0.15587714	3.9063438e-05	0.9877598	-6.9305586e-17	0	302.16672
4.189220213614146e-10	0.1558705	3.7011712e-05	0.9877609	-6.930558e-17	0	302.16672
4.1994051710338445e-10	0.1558645	3.3900127e-05	0.9877618	-6.930557e-17	0	302.16672
4.2066990020921184e-10	0.15586069	3.110682e-05	0.98776245	-6.930558e-17	0	302.16672
4.2066990020921184e-10	0.15586068	3.110682e-05	0.98776245	-6.9348606e-17	0	301.96054
4.217200491043567e-10	0.15585262	4.0241248e-05	0.9877637	-6.934861e-17	0	301.96054
4.227959999084925e-10	0.15584305	4.770156e-05	0.9877652	-6.93486e-17	0	301.96054
4.2385158768992695e-10	0.15583274	5.3005817e-05	0.9877669	-6.934861e-17	0	301.96054
4.248776225882812e-10	0.15582226	5.618235e-05	0.9877685	-6.9348606e-17	0	301.96054
4.2588780187321645e-10	0.15581185	5.740409e-05	0.98777014	-6.9348606e-17	0	301.96054
4.268957295566986e-10	0.15580167	5.6803365e-05	0.98777175	-6.934862e-17	0	301.96054
4.279072665372972e-10	0.15579197	5.4486885e-05	0.9877733	-6.934861e-17	0	301.96054
4.2892322192021317e-10	0.15578303	5.0595172e-05	0.9877747	-6.934861e-17	0	301.96054
4.299413404281041e-10	0.15577513	4.532568e-05	0.9877759	-6.93486e-17	0	301.96054
4.3066990020921186e-10	0.1557702	4.0843912e-05	0.98777676	-6.93486e-17	0	301.96054
4.3066990020921186e-10	0.15577018	4.0843912e-05	0.98777676	-6.938757e-17	0	301.77396
4.3172047789279467e-10	0.15576129	4.607718e-05	0.9877782	-6.938759e-17	0	301.77396
4.327962507770921e-10	0.1557516	4.956351e-05	0.98777974	-6.938757e-17	0	301.77396
4.338512360869281e-10	0.1557419	5.1122675e-05	0.9877812	-6.9387556e-17	0	301.77396
4.348771320177467e-10	0.15573259	5.0917144e-05	0.9877827	-6.938757e-17	0	301.77396
4.3588726981571426e-10	0.15572384	4.915002e-05	0.9877841	-6.938757e-17	0	301.77396
4.3689553234180167e-10	0.15571575	4.596954e-05	0.9877854	-6.9387556e-17	0	301.77396
4.37907546591585e-10	0.1557085	4.1525484e-05	0.9877865	-6.938757e-17	0	301.77396
4.389238065601789e-10	0.1557023	3.6005793e-05	0.98778754	-6.938757e-17	0	301.77396
4.399426111195548e-10	0.15569729	2.9634592e-05	0.98778826	-6.9387576e-17	0	301.77396
4.4066990020921187e-10	0.15569448	2.4706984e-05	0.9877888	-6.938756e-17	0	301.77396
4.4066990020921187e-10	0.15569448	2.4706984e-05	0.9877888	-6.942281e-17	0	301.60513
4.4171996241357993e-10	0.15568893	2.8562063e-05	0.9877897	-6.9422834e-17	0	301.60513
4.4279539354172827e-10	0.15568276	3.1306576e-05	0.9877907	-6.942282e-17	0	301.60513
4.438502823581194e-10	0.15567648	3.278751e-05	0.98779166	-6.94228e-17	0	301.60513
4.448764050651794e-10	0.15567037	3.3091757e-05	0.98779255	-6.942283e-17	0	301.60513
4.4588698977394015e-10	0.15566456	3.2340256e-05	0.98779345	-6.942283e-17	0	301.60513
4.468953752918254e-10	0.15565914	3.0625786e-05	0.98779434	-6.942281e-17	0	301.60513
4.479075317341405e-10	0.1556542	2.8042363e-05	0.9877951	-6.942283e-17	0	301.60513
4.4892367316186584e-10	0.15564989	2.4704148e-05	0.9877958	-6.94228e-17	0	301.60513
4.4994214049499193e-10	0.15564632	2.0753598e-05	0.98779637	-6.942281e-17	0	301.60513
4.506699002092119e-10	0.15564427	1.7645274e-05	0.98779666	-6.942282e-17	0	301.60513
4.506699002092119e-10	0.15564427	1.7645274e-05	0.98779666	-6.9454697e-17	0	301.4524
4.517203222112054e-10	0.1556396	2.3112021e-05	0.9877974	-6.9454697e-17	0	301.4524
4.5279573543287055e-10	0.15563406	2.7601924e-05	0.9877982	-6.945472e-17	0	301.4524
4.538508996892784e-10	0.15562804	3.082585e-05	0.9877992	-6.94547e-17	0	301.4524
4.548772880088092e-10	0.1556219	3.2794298e-05	0.98780024	-6.945471e-17	0	301.4524
4.558878162517547e-10	0.15561575	3.360597e-05	0.9878012	-6.94547e-17	0	301.4524
4.568962577012984e-10	0.15560976	3.3336102e-05	0.9878021	-6.945471e-17	0	301.4524
4.579083786613873e-10	0.15560403	3.204569e-05	0.98780304	-6.9454697e-17	0	301.4524
4.589245286998339e-10	0.15559874	2.9817993e-05	0.9878038	-6.9454697e-17	0	301.4524
4.599431094245066e-10	0.15559405	2.6766837e-05	0.98780453	-6.94547e-17	0	301.4524
4.606699002092119e-10	0.15559113	2.4166606e-05	0.987805	-6.9454683e-17	0	301.4524
4.606699002092119e-10	0.15559113	2.4166604e-05	0.987805	-6.948356e-17	0	301.31418
4.61719668023151e-10	0.15558536	2.9168103e-05	0.98780584	-6.948356e-17	0	301.31418
4.627950425292109e-10	0.15557882	3.3005937e-05	0.9878069	-6.948355e-17	0	301.31418
4.6385044974492407e-10	0.15557198	3.5447458e-05	0.9878081	-6.948355e-17	0	301.31418
4.6487695584474826e-10	0.15556522	3.6550697e-05	0.9878092	-6.948355e-17	0	301.31418
4.658875162229509e-10	0.15555863	3.644501e-05	0.98781013	-6.948356e-17	0	301.31418
4.66895987758181e-10	0.15555237	3.5224286e-05	0.9878111	-6.9483555e-17	0	301.31418
4.679082473182982e-10	0.15554653	3.2973243e-05	0.98781204	-6.948355e-17	0	301.31418
4.689246787662741e-10	0.1555413	2.9804296e-05	0.98781294	-6.948354e-17	0	301.31418
4.69943453484419e-10	0.15553682	2.5861396e-05	0.9878136	-6.948355e-17	0	301.31418
4.706699002092119e-10	0.15553416	2.2671245e-05	0.987814	-6.948354e-17	0	301.31418
4.706699002092119e-10	0.15553416	2.2671245e-05	0.987814	-6.950966e-17	0	301.18912
4.717205347427243e-10	0.1555291	2.601758e-05	0.98781484	-6.950965e-17	0	301.18912
4.727960407938593e-10	0.15552351	2.8359962e-05	0.9878158	-6.950966e-17	0	301.18912
4.738512410585763e-10	0.15551786	2.9569308e-05	0.9878166	-6.9509674e-17	0	301.18912
4.748776138029726e-10	0.15551239	2.9726565e-05	0.9878174	-6.9509654e-17	0	301.18912
4.758882956082402e-10	0.1555072	2.8947097e-05	0.9878183	-6.9509654e-17	0	301.18912
4.768964920573246e-10	0.15550238	2.7315582e-05	0.9878191	-6.950967e-17	0	301.18912
4.779085730863423e-10	0.155498	2.4916106e-05	0.9878198	-6.950966e-17	0	301.18912
4.789249910345822e-10	0.15549421	2.1853355e-05	0.9878203	-6.950967e-17	0	301.18912
4.799438747431053e-10	0.15549107	1.8255678e-05	0.98782086	-6.9509654e-17	0	301.18912
4.806699002092119e-10	0.1554893	1.5447806e-05	0.9878211	-6.9509654e-17	0	301.18912
4.806699002092119e-10	0.15548931	1.5447806e-05	0.9878211	-6.953332e-17	0	301.07596
4.81720864268302e-10	0.1554856	1.8739753e-05	0.98782164	-6.95333e-17	0	301.07596
4.827967102506307e-10	0.15548137	2.1272996e-05	0.98782235	-6.953332e-17	0	301.07596
4.838519359305998e-10	0.15547693	2.2897855e-05	0.987823	-6.953332e-17	0	301.07596
4.848779311583448e-10	0.15547255	2.3649796e-05	0.98782384	-6.953332e-17	0	301.07596
4.858884625081357e-10	0.15546827	2.3609904e-05	0.98782444	-6.9533325e-17	0	301.07596
4.868971026391124e-10	0.15546419	2.284137e-05	0.987825	-6.9533325e-17	0	301.07596
4.879092520166333e-10	0.15546039	2.1400014e-05	0.9878257	-6.953332e-17	0	301.07596
4.889253862898613e-10	0.15545696	1.935861e-05	0.9878262	-6.953332e-17	0	301.07596
4.899439268239328e-10	0.15545404	1.6808834e-05	0.98782665	-6.9533325e-17	0	301.07596
4.906699002092119e-10	0.15545231	1.4743314e-05	0.9878269	-6.9533325e-17	0	301.07596
4.906699002092119e-10	0.15545231	1.4743314e-05	0.98782694	-6.955468e-17	0	300.97357
4.9172091393262e-10	0.15544866	1.8329518e-05	0.98782754	-6.955469e-17	0	300.97357
4.92796807546991e-10	0.15544443	2.1162394e-05	0.9878281	-6.955469e-17	0	300.97357
4.93852133132549e-10	0.15543996	2.3067581e-05	0.9878289	-6.9554686e-17	0	300.97357
4.948783687902093e-10	0.15543547	2.4076075e-05	0.9878295	-6.95547e-17	0	300.97357
4.958888690655059e-10	0.15543106	2.426505e-05	0.9878303	-6.955466e-17	0	300.97357
4.968973546894171e-10	0.15542683	2.3693636e-05	0.98783094	-6.9554706e-17	0	300.97357
4.979097473205223e-10	0.15542284	2.2414519e-05	0.9878315	-6.955469e-17	0	300.97357
4.989265001805043e-10	0.1554192	2.049641e-05	0.9878321	-6.955468e-17	0	300.97357
4.999456067801874e-10	0.15541607	1.803014e-05	0.98783267	-6.9554666e-17	0	300.97357
5.006699002092118e-10	0.15541418	1.6004855e-05	0.98783296	-6.955467e-17	0	300.97357
5.006699002092118e-10	0.15541418	1.6004855e-05	0.98783296	-6.957403e-17	0	300.88092
5.017202715997327e-10	0.15541042	1.8961799e-05	0.98783356	-6.957403e-17	0	300.88092
5.027956683284713e-10	0.15540627	2.1168573e-05	0.98783416	-6.9574036e-17	0	300.88092
5.038508447031198e-10	0.15540193	2.2498449e-05	0.98783493	-6.9574036e-17	0	300.88092
5.048772240691427e-10	0.15539768	2.2994042e-05	0.9878356	-6.9574036e-17	0	300.88092
5.058877898795376e-10	0.15539357	2.2740538e-05	0.9878362	-6.957407e-17	0	300.88092
5.068963768890476e-10	0.1553897	2.179802e-05	0.98783684	-6.9574036e-17	0	300.88092
5.079088099427034e-10	0.15538612	2.0225081e-05	0.9878374	-6.957405e-17	0	300.88092
5.089253794450963e-10	0.15538296	1.8096329e-05	0.9878379	-6.957404e-17	0	300.88092
5.099442400480419e-10	0.15538026	1.5505217e-05	0.9878384	-6.957404e-17	0	300.88092
5.106699002092118e-10	0.1553787	1.3438585e-05	0.98783845	-6.957405e-17	0	300.88092
5.106699002092118e-10	0.1553787	1.3438585e-05	0.9878385	-6.9591545e-17	0	300.7971
5.117208865103521e-10	0.1553756	1.5817812e-05	0.987839	-6.959154e-17	0	300.7971
5.127968744069215e-10	0.15537211	1.7574368e-05	0.9878396	-6.959154e-17	0	300.7971
5.138523067995276e-10	0.15536854	1.8602286e-05	0.9878401	-6.9591545e-17	0	300.7971
5.148788150964433e-10	0.15536503	1.894559e-05	0.9878408	-6.9591545e-17	0	300.7971
5.158893749962621e-10	0.15536167	1.8672126e-05	0.98784125	-6.9591545e-17	0	300.7971
5.168979514060753e-10	0.1553585	1.7834738e-05	0.9878418	-6.959153e-17	0	300.7971
5.179106909284739e-10	0.15535557	1.6482583e-05	0.9878422	-6.959156e-17	0	300.7971
5.189271566176359e-10	0.15535301	1.4679576e-05	0.9878427	-6.959155e-17	0	300.7971
5.199458620176648e-10	0.15535086	1.2503501e-05	0.9878429	-6.9591545e-17	0	300.7971
5.206699002092118e-10	0.15534958	1.0781672e-05	0.98784316	-6.959154e-17	0	300.7971
5.206699002092118e-10	0.1553496	1.0781672e-05	0.98784316	-6.960737e-17	0	300.72125
5.217211129770253e-10	0.15534699	1.3171012e-05	0.98784363	-6.960739e-17	0	300.72125
5.227966839875018e-10	0.15534398	1.5022983e-05	0.987844	-6.960736e-17	0	300.72125
5.23851640521606e-10	0.15534085	1.622817e-05	0.9878446	-6.9607374e-17	0	300.72125
5.248778482776527e-10	0.15533772	1.68118e-05	0.98784506	-6.960737e-17	0	300.72125
5.258886014238831e-10	0.15533467	1.682818e-05	0.9878454	-6.960737e-17	0	300.72125
5.268970717844312e-10	0.15533175	1.6322676e-05	0.9878459	-6.960738e-17	0	300.72125
5.279095701117211e-10	0.155329	1.5333611e-05	0.9878464	-6.960737e-17	0	300.72125
5.289265373354248e-10	0.15532658	1.3910445e-05	0.9878468	-6.9607354e-17	0	300.72125
5.299456086138799e-10	0.15532446	1.2122088e-05	0.98784715	-6.960736e-17	0	300.72125
5.306699002092117e-10	0.15532319	1.06706975e-05	0.98784727	-6.960737e-17	0	300.72125
5.306699002092117e-10	0.1553232	1.06706975e-05	0.98784727	-6.9621694e-17	0	300.6526
5.317212008422105e-10	0.15532063	1.2958575e-05	0.98784775	-6.96217e-17	0	300.6526
5.327967823937374e-10	0.1553177	1.4721883e-05	0.9878482	-6.962172e-17	0	300.6526
5.338516275556232e-10	0.15531464	1.5854755e-05	0.9878487	-6.96217e-17	0	300.6526
5.348779780692142e-10	0.1553116	1.6385002e-05	0.9878492	-6.9621714e-17	0	300.6526
5.358888809315784e-10	0.15530863	1.6366426e-05	0.98784965	-6.9621714e-17	0	300.6526
5.368975876997993e-10	0.15530579	1.58422e-05	0.9878501	-6.962171e-17	0	300.6526
5.379100861153919e-10	0.15530315	1.4850706e-05	0.98785055	-6.962172e-17	0	300.6526
5.38926802244426e-10	0.15530078	1.3442876e-05	0.9878508	-6.962171e-17	0	300.6526
5.399458533432904e-10	0.15529875	1.1681537e-05	0.98785114	-6.9621694e-17	0	300.6526
5.406699002092117e-10	0.15529756	1.0258699e-05	0.9878513	-6.9621714e-17	0	300.6526
5.406699002092117e-10	0.15529755	1.0258697e-05	0.9878513	-6.9634704e-17	0	300.59048
5.417210737482559e-10	0.15529516	1.2166905e-05	0.9878517	-6.963469e-17	0	300.59048
5.427973972194045e-10	0.15529245	1.3591536e-05	0.98785216	-6.963469e-17	0	300.59048
5.438526665819625e-10	0.15528968	1.4448262e-05	0.9878526	-6.9634704e-17	0	300.59048
5.448791109979987e-10	0.15528694	1.4768457e-05	0.987853	-6.963471e-17	0	300.59048
5.458893226594315e-10	0.15528429	1.4605157e-05	0.9878534	-6.963469e-17	0	300.59048
5.468974720223134e-10	0.15528181	1.400012e-05	0.9878539	-6.963469e-17	0	300.59048
5.479099581582939e-10	0.1552795	1.2988231e-05	0.9878542	-6.9634704e-17	0	300.59048
5.489269850651562e-10	0.15527748	1.1616779e-05	0.9878544	-6.9634704e-17	0	300.59048
5.499462033991562e-10	0.15527575	9.948747e-06	0.98785484	-6.963473e-17	0	300.59048
5.506699002092116e-10	0.15527476	8.623267e-06	0.9878549	-6.963469e-17	0	300.59048
5.506699002092116e-10	0.15527475	8.623267e-06	0.9878549	-6.964644e-17	0	300.5343
5.51720811036944e-10	0.15527272	1.0297619e-05	0.9878553	-6.964643e-17	0	300.5343
5.527966301199423e-10	0.15527041	1.1559252e-05	0.9878557	-6.964643e-17	0	300.5343
5.538519009908587e-10	0.15526804	1.2335032e-05	0.9878559	-6.964641e-17	0	300.5343
5.548784574559867e-10	0.15526569	1.264953e-05	0.9878563	-6.964643e-17	0	300.5343
5.558892259901277e-10	0.15526342	1.2544923e-05	0.98785675	-6.964643e-17	0	300.5343
5.568977535696965e-10	0.15526126	1.2057864e-05	0.987857	-6.9646424e-17	0	300.5343
5.57910491542151e-10	0.15525928	1.12191165e-05	0.9878573	-6.9646424e-17	0	300.5343
5.589274245800106e-10	0.15525751	1.0069306e-05	0.9878577	-6.964643e-17	0	300.5343
5.599466130074757e-10	0.155256	8.660492e-06	0.9878578	-6.964644e-17	0	300.5343
5.606699002092116e-10	0.15525514	7.5367825e-06	0.98785806	-6.9646424e-17	0	300.5343
5.606699002092116e-10	0.15525514	7.5367825e-06	0.98785806	-6.965705e-17	0	300.48346
5.617206091086552e-10	0.15525332	9.165854e-06	0.98785824	-6.965704e-17	0	300.48346
5.6279656737212e-10	0.15525123	1.0425515e-05	0.98785865	-6.9657045e-17	0	300.48346
5.638516874397513e-10	0.15524906	1.1237623e-05	0.987859	-6.965706e-17	0	300.48346
5.64878124075108e-10	0.15524688	1.1619766e-05	0.9878593	-6.9657045e-17	0	300.48346
5.658887343347904e-10	0.1552448	1.1613336e-05	0.9878596	-6.9657045e-17	0	300.48346
5.668973405300923e-10	0.15524277	1.12474e-05	0.98785996	-6.965705e-17	0	300.48346
5.679097567712045e-10	0.15524091	1.0550942e-05	0.9878602	-6.965702e-17	0	300.48346
5.689266065476245e-10	0.15523922	9.555796e-06	0.98786056	-6.965703e-17	0	300.48346
5.699457933765295e-10	0.15523776	8.309306e-06	0.9878607	-6.965703e-17	0	300.48346
5.706699002092116e-10	0.1552369	7.3009064e-06	0.9878609	-6.965705e-17	0	300.48346
5.706699002092116e-10	0.1552369	7.3009064e-06	0.9878609	-6.966666e-17	0	300.43744
5.717215650357519e-10	0.15523519	8.784385e-06	0.9878611	-6.966668e-17	0	300.43744
5.727977182536483e-10	0.1552332	9.915161e-06	0.9878614	-6.9666667e-17	0	300.43744
5.738531469187672e-10	0.15523115	1.0623614e-05	0.9878619	-6.966667e-17	0	300.43744
5.748795996782034e-10	0.15522912	1.0933215e-05	0.9878621	-6.9666653e-17	0	300.43744
5.758904630786787e-10	0.15522717	1.0878533e-05	0.98786235	-6.966666e-17	0	300.43744
5.768992061876276e-10	0.15522529	1.0489866e-05	0.98786277	-6.966668e-17	0	300.43744
5.779112998660309e-10	0.15522355	9.794241e-06	0.98786294	-6.966668e-17	0	300.43744
5.789279416496586e-10	0.15522197	8.823921e-06	0.98786324	-6.966667e-17	0	300.43744
5.799471697574429e-10	0.15522066	7.6234883e-06	0.98786336	-6.9666667e-17	0	300.43744
5.806699002092115e-10	0.15521988	6.6625885e-06	0.98786354	-6.966666e-17	0	300.43744
5.806699002092115e-10	0.15521988	6.6625885e-06	0.98786354	-6.967535e-17	0	300.3958
5.817212454364189e-10	0.15521833	7.921688e-06	0.9878638	-6.967536e-17	0	300.3958
5.827975489383813e-10	0.15521656	8.865293e-06	0.98786414	-6.9675355e-17	0	300.3958
5.838531214270941e-10	0.15521474	9.437792e-06	0.9878643	-6.967536e-17	0	300.3958
5.848795173199762e-10	0.15521295	9.657395e-06	0.98786473	-6.9675355e-17	0	300.3958
5.858902752900013e-10	0.15521123	9.5600335e-06	0.9878649	-6.967535e-17	0	300.3958
5.868990362262688e-10	0.1552096	9.1710035e-06	0.9878652	-6.967535e-17	0	300.3958
5.879117049052202e-10	0.15520808	8.515886e-06	0.9878654	-6.967535e-17	0	300.3958
5.889286961212302e-10	0.15520674	7.624435e-06	0.9878657	-6.967535e-17	0	300.3958
5.89948039997434e-10	0.1552056	6.5371087e-06	0.9878658	-6.967536e-17	0	300.3958
5.906699002092115e-10	0.15520495	5.6737163e-06	0.98786587	-6.9675355e-17	0	300.3958
5.906699002092115e-10	0.15520495	5.6737163e-06	0.98786587	-6.968323e-17	0	300.35815
5.917208350091809e-10	0.1552036	6.83026e-06	0.98786616	-6.968322e-17	0	300.35815
5.927964278048439e-10	0.15520208	7.7127925e-06	0.98786634	-6.96832e-17	0	300.35815
5.938513447610327e-10	0.15520047	8.268142e-06	0.98786664	-6.968322e-17	0	300.35815
5.948781033319444e-10	0.15519887	8.510725e-06	0.9878669	-6.9683223e-17	0	300.35815
5.958891808218847e-10	0.15519735	8.469547e-06	0.9878671	-6.968323e-17	0	300.35815
5.968981999888593e-10	0.15519589	8.168063e-06	0.9878673	-6.968321e-17	0	300.35815
5.979109169192683e-10	0.15519454	7.628864e-06	0.9878676	-6.9683223e-17	0	300.35815
5.989277030637143e-10	0.15519333	6.876168e-06	0.9878678	-6.9683223e-17	0	300.35815
5.999469191107059e-10	0.1551923	5.943315e-06	0.98786795	-6.968323e-17	0	300.35815
6.006699002092115e-10	0.15519166	5.1955453e-06	0.987868	-6.9683223e-17	0	300.35815
6.006699002092115e-10	0.15519167	5.195546e-06	0.987868	-6.969035e-17	0	300.32407
6.017211669415085e-10	0.15519044	6.2936697e-06	0.98786825	-6.9690344e-17	0	300.32407
6.027973890556353e-10	0.15518901	7.1383665e-06	0.9878684	-6.969034e-17	0	300.32407
6.038529958135525e-10	0.15518752	7.6767155e-06	0.98786867	-6.969034e-17	0	300.32407
6.048797602403505e-10	0.15518606	7.923221e-06	0.9878689	-6.969034e-17	0	300.32407
6.058904202425837e-10	0.15518463	7.903462e-06	0.98786914	-6.969035e-17	0	300.32407
6.068990641617877e-10	0.15518326	7.641026e-06	0.9878694	-6.9690344e-17	0	300.32407
6.079117726448563e-10	0.15518197	7.1519084e-06	0.9878695	-6.969035e-17	0	300.32407
6.089283988960852e-10	0.15518086	6.4635915e-06	0.98786974	-6.9690344e-17	0	300.32407
6.099475607531634e-10	0.15517987	5.605438e-06	0.98786986	-6.9690344e-17	0	300.32407
6.106699002092114e-10	0.15517929	4.914752e-06	0.9878699	-6.969034e-17	0	300.32407
6.106699002092114e-10	0.15517929	4.914752e-06	0.9878699	-6.969679e-17	0	300.29324
6.117215592755534e-10	0.15517813	5.8764645e-06	0.9878701	-6.969677e-17	0	300.29324
6.127974758283343e-10	0.15517682	6.6027005e-06	0.98787034	-6.969679e-17	0	300.29324
6.138526257171267e-10	0.15517545	7.051622e-06	0.9878705	-6.969679e-17	0	300.29324
6.148790174808439e-10	0.1551741	7.2339644e-06	0.9878708	-6.969676e-17	0	300.29324
6.158897255783356e-10	0.15517282	7.17815e-06	0.98787093	-6.969678e-17	0	300.29324
6.168984036521331e-10	0.15517159	6.9022444e-06	0.9878711	-6.9696776e-17	0	300.29324
6.179112048750038e-10	0.15517044	6.4248597e-06	0.98787135	-6.969677e-17	0	300.29324
6.189284953687576e-10	0.15516943	5.7687107e-06	0.98787147	-6.969679e-17	0	300.29324
6.199479562438974e-10	0.15516856	4.96352e-06	0.98787177	-6.9696776e-17	0	300.29324
6.206699002092114e-10	0.15516807	4.322115e-06	0.98787177	-6.9696776e-17	0	300.29324
6.206699002092114e-10	0.15516806	4.322115e-06	0.98787177	-6.970265e-17	0	300.26532
6.21720582508067e-10	0.15516703	5.19132e-06	0.9878719	-6.9702626e-17	0	300.26532
6.227963777896826e-10	0.15516588	5.8512446e-06	0.987872	-6.970262e-17	0	300.26532
6.238516946745552e-10	0.15516466	6.2645818e-06	0.9878723	-6.970263e-17	0	300.26532
6.24878100622636e-10	0.15516347	6.4407513e-06	0.9878724	-6.970264e-17	0	300.26532
6.258890852886865e-10	0.1551623	6.402785e-06	0.9878727	-6.970263e-17	0	300.26532
6.26898059190869e-10	0.1551612	6.168065e-06	0.98787284	-6.970264e-17	0	300.26532
6.279104521207869e-10	0.15516017	5.7537222e-06	0.9878729	-6.970263e-17	0	300.26532
6.289272504503074e-10	0.15515926	5.176747e-06	0.9878732	-6.970262e-17	0	300.26532
6.299467707116267e-10	0.15515849	4.4653552e-06	0.98787326	-6.9702626e-17	0	300.26532
6.306699002092114e-10	0.15515804	3.895722e-06	0.98787326	-6.970265e-17	0	300.26532
6.306699002092114e-10	0.15515804	3.895722e-06	0.98787326	-6.970788e-17	0	300.24008
6.317216088526915e-10	0.15515712	4.6736204e-06	0.98787344	-6.9707887e-17	0	300.24008
6.327977240169519e-10	0.15515608	5.265274e-06	0.9878737	-6.9707887e-17	0	300.24008
6.338531050572346e-10	0.15515497	5.631762e-06	0.9878738	-6.97079e-17	0	300.24008
6.348797564844975e-10	0.15515392	5.7865136e-06	0.9878739	-6.970789e-17	0	300.24008
6.358907204020431e-10	0.15515286	5.748844e-06	0.98787415	-6.9707887e-17	0	300.24008
6.368996497435422e-10	0.15515187	5.53476e-06	0.98787427	-6.970788e-17	0	300.24008
6.379125869839033e-10	0.15515095	5.1588513e-06	0.98787445	-6.9707887e-17	0	300.24008
6.389294164735063e-10	0.15515015	4.639119e-06	0.98787457	-6.9707887e-17	0	300.24008
6.399486752306544e-10	0.15514944	3.9989445e-06	0.9878746	-6.9707907e-17	0	300.24008
6.406699002092113e-10	0.15514904	3.4886039e-06	0.98787475	-6.970789e-17	0	300.24008
6.406699002092113e-10	0.15514904	3.4886039e-06	0.98787475	-6.971267e-17	0	300.21722
6.417213153734345e-10	0.15514821	4.2137326e-06	0.9878748	-6.971267e-17	0	300.21722
6.427972741569262e-10	0.15514725	4.7695175e-06	0.987875	-6.971268e-17	0	300.21722
6.43852571569177e-10	0.15514626	5.1209527e-06	0.9878751	-6.9712664e-17	0	300.21722
6.448790025777604e-10	0.15514529	5.2779615e-06	0.98787534	-6.971268e-17	0	300.21722
6.458896985648397e-10	0.15514433	5.2593327e-06	0.98787546	-6.9712684e-17	0	300.21722
6.468986163348612e-10	0.15514342	5.0780395e-06	0.9878756	-6.971268e-17	0	300.21722
6.479115107686539e-10	0.15514259	4.747465e-06	0.98787576	-6.971269e-17	0	300.21722
6.489285502057286e-10	0.15514183	4.2835773e-06	0.9878758	-6.971268e-17	0	300.21722
6.499478162536558e-10	0.15514117	3.7085229e-06	0.98787594	-6.971267e-17	0	300.21722
6.506699002092113e-10	0.1551408	3.2470607e-06	0.987876	-6.9712645e-17	0	300.21722
6.506699002092113e-10	0.15514079	3.2470607e-06	0.987876	-6.9717005e-17	0	300.19656
6.517212575705086e-10	0.15514003	3.89411e-06	0.9878762	-6.9716966e-17	0	300.19656
6.527968340301383e-10	0.15513916	4.3828936e-06	0.98787636	-6.971699e-17	0	300.19656
6.538517687565011e-10	0.15513825	4.6863215e-06	0.9878764	-6.971698e-17	0	300.19656
6.548781433982696e-10	0.15513737	4.8131187e-06	0.9878765	-6.971699e-17	0	300.19656
6.558891338962325e-10	0.1551365	4.780392e-06	0.98787665	-6.9716986e-17	0	300.19656
6.568980114869108e-10	0.15513568	4.601453e-06	0.9878768	-6.971699e-17	0	300.19656
6.57910890833749e-10	0.15513492	4.287766e-06	0.9878769	-6.971699e-17	0	300.19656
6.589278875627489e-10	0.15513423	3.8545218e-06	0.987877	-6.971697e-17	0	300.19656
6.599472865576826e-10	0.15513366	3.3208778e-06	0.98787713	-6.971697e-17	0	300.19656
6.606699002092113e-10	0.15513332	2.8952184e-06	0.98787713	-6.9717e-17	0	300.19656
6.606699002092113e-10	0.15513332	2.8952184e-06	0.98787713	-6.972093e-17	0	300.17786
6.617215986333378e-10	0.15513262	3.481114e-06	0.9878773	-6.9720916e-17	0	300.17786
6.62797868143904e-10	0.15513185	3.927109e-06	0.9878774	-6.972089e-17	0	300.17786
6.638532009246137e-10	0.15513103	4.2060447e-06	0.98787755	-6.972091e-17	0	300.17786
6.648796424611245e-10	0.15513024	4.326155e-06	0.9878777	-6.97209e-17	0	300.17786
6.658906943845364e-10	0.15512945	4.3033333e-06	0.98787785	-6.9720916e-17	0	300.17786
6.668995548121873e-10	0.1551287	4.1473522e-06	0.9878779	-6.972091e-17	0	300.17786
6.679119236641398e-10	0.15512802	3.8692083e-06	0.98787796	-6.9720897e-17	0	300.17786
6.689286166375587e-10	0.1551274	3.4827444e-06	0.9878781	-6.972091e-17	0	300.17786
6.699481400635439e-10	0.15512687	3.0058923e-06	0.9878782	-6.9720916e-17	0	300.17786
6.706699002092112e-10	0.15512657	2.624303e-06	0.98787826	-6.97209e-17	0	300.17786
6.706699002092112e-10	0.15512659	2.6243029e-06	0.98787826	-6.972444e-17	0	300.16092
6.717218282185459e-10	0.15512595	3.1490604e-06	0.9878784	-6.972444e-17	0	300.16092
6.727977782513664e-10	0.15512523	3.5481457e-06	0.9878784	-6.972443e-17	0	300.16092
6.738530879371618e-10	0.15512452	3.795246e-06	0.9878785	-6.972445e-17	0	300.16092
6.748796777153335e-10	0.15512379	3.8992757e-06	0.9878787	-6.972443e-17	0	300.16092
6.758904980706217e-10	0.1551231	3.8742287e-06	0.9878788	-6.972444e-17	0	300.16092
6.768994646668368e-10	0.15512243	3.7313157e-06	0.9878789	-6.9724424e-17	0	300.16092
6.779125097132103e-10	0.1551218	3.4785296e-06	0.987879	-6.9724443e-17	0	300.16092
6.789296525154518e-10	0.15512127	3.1279453e-06	0.987879	-6.972443e-17	0	300.16092
6.799490051012476e-10	0.1551208	2.6968223e-06	0.98787916	-6.972444e-17	0	300.16092
6.806699002092112e-10	0.1551205	2.353403e-06	0.9878793	-6.972445e-17	0	300.16092
6.806699002092112e-10	0.1551205	2.3534035e-06	0.9878793	-6.9727626e-17	0	300.14563
6.817217808211435e-10	0.15511996	2.829871e-06	0.9878793	-6.972762e-17	0	300.14563
6.827972994298726e-10	0.15511931	3.1911145e-06	0.98787934	-6.9727626e-17	0	300.14563
6.83851884187093e-10	0.15511867	3.4171426e-06	0.98787946	-6.9727626e-17	0	300.14563
6.848782416355867e-10	0.155118	3.5140129e-06	0.9878796	-6.9727626e-17	0	300.14563
6.858893120440883e-10	0.15511738	3.4946775e-06	0.98787975	-6.972763e-17	0	300.14563
6.868985256696992e-10	0.15511677	3.3669817e-06	0.98787975	-6.9727626e-17	0	300.14563
6.879117181635131e-10	0.15511622	3.1411405e-06	0.9878799	-6.9727626e-17	0	300.14563
6.889290097715314e-10	0.15511572	2.8268246e-06	0.98787993	-6.9727626e-17	0	300.14563
6.899484848173392e-10	0.15511528	2.4384562e-06	0.9878801	-6.972762e-17	0	300.14563
6.906699002092112e-10	0.15511504	2.1288863e-06	0.9878801	-6.972763e-17	0	300.14563
6.906699002092112e-10	0.15511504	2.1288863e-06	0.9878801	-6.973055e-17	0	300.13174
6.917214943271555e-10	0.15511455	2.5781603e-06	0.98788023	-6.9730545e-17	0	300.13174
6.927976265968163e-10	0.15511397	2.9240505e-06	0.9878803	-6.9730525e-17	0	300.13174
6.938529808414349e-10	0.15511334	3.1432753e-06	0.9878803	-6.9730545e-17	0	300.13174
6.948797427606631e-10	0.15511274	3.2429211e-06	0.9878804	-6.973055e-17	0	300.13174
6.958906232277463e-10	0.15511215	3.233688e-06	0.9878805	-6.973053e-17	0	300.13174
6.968995602773244e-10	0.15511158	3.1240443e-06	0.98788065	-6.973054e-17	0	300.13174
6.979123434071609e-10	0.15511109	2.9237058e-06	0.9878806	-6.973055e-17	0	300.13174
6.989291788519565e-10	0.15511061	2.6397133e-06	0.9878808	-6.9730545e-17	0	300.13174
6.999486487040156e-10	0.1551102	2.2871309e-06	0.9878808	-6.973055e-17	0	300.13174
7.006699002092111e-10	0.15510996	2.0046937e-06	0.9878809	-6.973055e-17	0	300.13174
7.006699002092111e-10	0.15510997	2.0046937e-06	0.9878808	-6.9733145e-17	0	300.11923
7.017215209543683e-10	0.15510951	2.3813514e-06	0.9878809	-6.9733126e-17	0	300.11923
7.02797525635133e-10	0.15510897	2.6615173e-06	0.98788106	-6.9733126e-17	0	300.11923
7.038527348367762e-10	0.15510844	2.831496e-06	0.9878811	-6.973315e-17	0	300.11923
7.048792224600675e-10	0.1551079	2.8960044e-06	0.9878812	-6.973314e-17	0	300.11923
7.058902642305993e-10	0.15510736	2.8648628e-06	0.98788124	-6.973313e-17	0	300.11923
7.068993747592957e-10	0.15510689	2.746835e-06	0.98788136	-6.973315e-17	0	300.11923
7.079124256538569e-10	0.15510643	2.5482325e-06	0.98788136	-6.9733145e-17	0	300.11923
7.089293307731492e-10	0.15510604	2.2788317e-06	0.9878815	-6.9733145e-17	0	300.11923
7.099487065912758e-10	0.1551057	1.9520248e-06	0.98788154	-6.973313e-17	0	300.11923
7.106699002092111e-10	0.15510549	1.693165e-06	0.9878816	-6.973314e-17	0	300.11923
