# t (s)	mx ()	my ()	mz ()	T (K)	J (A/m^2)	Ms (A/m)
0	0	0	1	300	0	1e+06
5e-13	0.19656207	-0.01191793	0.9804169	300.29138	1.935206e+12	999615.75
1e-12	0.19386828	-0.028767694	0.9806037	301.45248	2.827313e+12	998081.94
1.5499999999999999e-12	0.19065684	-0.054339662	0.9801497	303.44275	3.8325922e+12	995443.2
2.05e-12	0.18757154	-0.08507629	0.9785579	306.8837	4.9990494e+12	990852.44
2.55e-12	0.18439703	-0.12366697	0.975039	312.39395	6.2742006e+12	983425.6
3.0499999999999997e-12	0.18116692	-0.17031342	0.9685913	320.56656	7.5771423e+12	972240.7
3.5499999999999996e-12	0.17782906	-0.2245559	0.95809656	331.79242	8.804985e+12	956549.06
4.05e-12	0.1742159	-0.28515664	0.9425138	346.07217	9.845276e+12	936045.56
4.55e-12	0.17008123	-0.3500843	0.9211469	362.89243	1.0592617e+13	911124.1
5.05e-12	0.16522405	-0.4166501	0.8939251	381.2367	1.0966165e+13	883007.9
5.5499999999999996e-12	0.1596568	-0.4818275	0.86159766	399.75696	1.0924018e+13	853644.6
6.0499999999999995e-12	0.15371719	-0.54272366	0.8257241	417.0607	1.0470951e+13	825335.06
6.549999999999999e-12	0.1480345	-0.5970735	0.7884078	432.01453	9.657528e+12	800197.56
7.049999999999999e-12	0.14335504	-0.6435745	0.7518367	443.95648	8.57081e+12	779679.9
7.500000000000003e-12	0.14051892	-0.67847556	0.7210561	452.75357	7.319037e+12	764315.8
8.000000000000011e-12	0.13934419	-0.7099401	0.69033617	458.71033	6.013982e+12	753792.9
8.500000000000019e-12	0.14035492	-0.7346911	0.66372	462.38983	4.7549545e+12	747244.75
9.000000000000027e-12	0.14347142	-0.75391513	0.6411096	464.4266	3.6174852e+12	743604.3
9.500000000000035e-12	0.14845641	-0.7687895	0.6220254	465.38855	2.6481543e+12	741881.06
1.0000000000000043e-11	0.15499267	-0.7803597	0.60581064	465.7095	1.865331e+12	741305.56
1.0500000000000051e-11	0.16274369	-0.7894914	0.5917826	465.68088	1.264284e+12	741356.94
1.1000000000000059e-11	0.17139369	-0.79686415	0.5793259	465.47757	8.245357e+11	741721.5
1.1500000000000067e-11	0.18067084	-0.8029891	0.567936	465.19427	5.1742858e+11	742229.3
1.2000000000000075e-11	0.19035606	-0.8082347	0.55722857	464.87756	3.124406e+11	742796.8
1.2500000000000083e-11	0.20028287	-0.812856	0.54692924	464.5482	1.8153511e+11	743386.6
1.3000000000000091e-11	0.21033105	-0.81702304	0.53685313	464.21475	1.0149156e+11	743983.5
1.3500000000000099e-11	0.22041774	-0.82084423	0.5268823	463.88037	5.459782e+10	744581.7
1.4000000000000107e-11	0.23048799	-0.8243869	0.51694584	463.54623	2.8261603e+10	745179.25
1.4500000000000115e-11	0.24050638	-0.82769126	0.5070029	463.21262	1.4076492e+10	745775.5
1.500000000000011e-11	0.25044975	-0.8307821	0.49703208	462.8464	6.254689e+09	746429.6
1.55000000000001e-11	0.26030254	-0.83367455	0.48702255	462.44785	2.448002e+09	747141.2
1.6000000000000093e-11	0.27005765	-0.8363768	0.47697058	462.24896	1.4999747e+09	747496.1
1.6500000000000085e-11	0.279708	-0.8388956	0.46687484	461.85187	5.402147e+08	748204.4
1.7000000000000077e-11	0.2892462	-0.84123737	0.45673528	461.45575	1.8406299e+08	748910.5
1.750000000000007e-11	0.29866964	-0.8434058	0.44655365	461.25803	1.0522904e+08	749262.75
1.800000000000006e-11	0.30797407	-0.84540546	0.43633112	460.86337	3.299226e+07	749965.7
1.8500000000000052e-11	0.31715363	-0.84724164	0.42606878	460.46967	9.786021e+06	750666.44
1.9000000000000044e-11	0.32620656	-0.84891766	0.4157687	460.2732	5.2200215e+06	751016
1.9500000000000036e-11	0.33512914	-0.8504378	0.40543222	459.88092	1.4247635e+06	751713.56
2.0000000000000028e-11	0.34391618	-0.85180765	0.39506042	459.48962	367900.9	752409
2.050000000000002e-11	0.35256597	-0.8530303	0.384655	459.29434	183102.38	752755.94
2.100000000000001e-11	0.3610754	-0.8541105	0.37421727	458.90448	43506.93	753448.25
2.1500000000000003e-11	0.36943945	-0.8550533	0.36374804	458.51556	9780.038	754138.4
2.2049999999999994e-11	0.37846965	-0.85593647	0.35219726	458.32147	4541.514	754482.7
2.2549999999999986e-11	0.38652265	-0.85660326	0.34166664	457.934	939.4186	755169.7
2.3049999999999978e-11	0.39442125	-0.8571464	0.33110797	457.5475	183.83797	755854.6
2.354999999999997e-11	0.40216276	-0.8575702	0.32052228	457.35455	79.65121	756196.4
2.404999999999996e-11	0.4097474	-0.8578773	0.3099112	456.96945	14.34316	756878.2
2.4549999999999953e-11	0.4171697	-0.8580739	0.29927486	456.58527	2.4435146	757557.94
2.5049999999999945e-11	0.42442727	-0.858164	0.28861415	456.39355	0.98780006	757897
2.5549999999999937e-11	0.43152028	-0.85815054	0.27793047	456.01077	0.15485154	758573.7
2.604999999999993e-11	0.43844384	-0.8580391	0.26722383	455.62897	0.022965696	759248.3
2.654999999999992e-11	0.44519582	-0.8578338	0.256495	455.4384	0.008662251	759584.8
2.7049999999999912e-11	0.45177624	-0.8575376	0.24574506	455.05798	0.0011821463	760256.4
2.7549999999999904e-11	0.45818081	-0.8571557	0.23497409	454.6785	0.00015262628	760925.9
2.8049999999999896e-11	0.4644076	-0.85669214	0.22418252	454.48907	5.3712756e-05	761259.9
2.8549999999999888e-11	0.4704565	-0.8561496	0.21337138	454.111	6.3813404e-06	761926.3
2.904999999999988e-11	0.47632375	-0.8555331	0.20254056	453.73383	7.172392e-07	762590.8
2.95499999999999e-11	0.48200879	-0.8548457	0.1916908	453.42017	1.112315e-07	763143
3.0049999999999925e-11	0.4875092	-0.85409147	0.18082222	453.10718	1.6598456e-08	763693.9
3.054999999999995e-11	0.4928231	-0.85327417	0.16993512	452.7948	2.3833275e-09	764243.3
3.104999999999997e-11	0.4979489	-0.852397	0.15902975	452.4831	3.2928796e-10	764791.4
3.155e-11	0.502885	-0.85146385	0.14810629	452.172	4.3776805e-11	765338.06
3.200000000000002e-11	0.50716376	-0.8505787	0.13825986	451.86154	5.600005e-12	765883.3
3.250000000000004e-11	0.51173496	-0.8495478	0.12730256	451.55173	6.8930094e-13	766427.25
3.300000000000007e-11	0.51611185	-0.84847015	0.11632758	451.24255	8.164046e-14	766969.8
3.350000000000009e-11	0.520293	-0.84734875	0.10533508	450.934	9.30418e-15	767511
3.4000000000000115e-11	0.52427703	-0.8461866	0.094325036	450.62607	1.0202977e-15	768050.9
3.450000000000014e-11	0.5280624	-0.8449864	0.08329756	450.31876	1.0765936e-16	768589.3
3.5000000000000163e-11	0.5316478	-0.84375095	0.072252594	450.0121	1.0930822e-17	769126.44
3.550000000000019e-11	0.53503174	-0.8424828	0.061190166	449.70605	1.0678984e-18	769662.2
3.600000000000021e-11	0.53821313	-0.8411844	0.05011023	449.40063	1.0038832e-19	770196.6
3.6500000000000236e-11	0.54119056	-0.839858	0.039012752	449.09583	9.080558e-21	770729.7
3.700000000000026e-11	0.5439626	-0.8385059	0.027897662	448.79166	7.9034735e-22	771261.44
3.7500000000000284e-11	0.5465281	-0.8371301	0.016764894	448.4881	6.61911e-23	771791.8
3.800000000000031e-11	0.5488857	-0.8357325	0.0056143682	448.18515	5.3340522e-24	772320.9
3.850000000000033e-11	0.5510344	-0.83431476	-0.0055539995	447.88284	4.1361003e-25	772848.6
3.9000000000000356e-11	0.5529728	-0.83287877	-0.016740298	447.58115	3.086036e-26	773375
3.950000000000038e-11	0.5546996	-0.8314257	-0.027944611	447.28006	2.2155777e-27	773900.1
4.0000000000000405e-11	0.5562138	-0.8299569	-0.039167028	446.97958	1.5305555e-28	774423.9
4.050000000000043e-11	0.5575141	-0.82847357	-0.05040762	446.67972	1.0173897e-29	774946.4
4.100000000000045e-11	0.5585993	-0.8269768	-0.06166647	446.38046	6.507313e-31	775467.5
4.150000000000048e-11	0.5594683	-0.82546717	-0.07294362	446.08182	4.0049043e-32	775987.3
4.20000000000005e-11	0.56012005	-0.82394546	-0.08423912	445.7838	2.3716943e-33	776505.9
4.2500000000000525e-11	0.56055325	-0.82241213	-0.09555301	445.4864	1.3514545e-34	777023.1
4.300000000000055e-11	0.5607669	-0.82086736	-0.106885254	445.18958	7.410034e-36	777539.06
4.3500000000000574e-11	0.5607599	-0.81931126	-0.11823588	444.89337	3.909445e-37	778053.7
4.40000000000006e-11	0.56053114	-0.81774384	-0.12960477	444.59775	1.98466e-38	778567.06
4.450000000000062e-11	0.5600796	-0.8161647	-0.14099191	444.30276	9.69467e-40	779079.1
4.5000000000000646e-11	0.5594042	-0.81457347	-0.15239716	444.00836	4.5567e-41	779589.94
4.550000000000067e-11	0.558504	-0.8129694	-0.16382033	443.71457	2.061e-42	780099.44
4.6000000000000694e-11	0.55737805	-0.81135154	-0.17526123	443.42136	9e-44	780607.7
4.650000000000072e-11	0.5560254	-0.8097191	-0.18671964	443.12875	4e-45	781114.6
4.700000000000074e-11	0.55444515	-0.8080705	-0.19819522	442.83676	0	781620.3
4.7500000000000767e-11	0.55263644	-0.8064043	-0.20968762	442.54535	0	782124.75
4.800000000000079e-11	0.5505985	-0.80471885	-0.22119649	442.25455	0	782627.94
4.8500000000000815e-11	0.54833066	-0.8030122	-0.23272125	441.96432	0	783129.9
4.900000000000084e-11	0.5458322	-0.8012821	-0.24426143	441.67468	0	783630.5
4.950000000000086e-11	0.5431024	-0.7995264	-0.25581637	441.38565	0	784129.94
5.000000000000089e-11	0.5401409	-0.7977422	-0.26738542	441.0972	0	784628.06
5.050000000000091e-11	0.53694725	-0.79592687	-0.2789678	440.80936	0	785125
5.1000000000000935e-11	0.53352106	-0.7940775	-0.29056266	440.5221	0	785620.7
5.150000000000096e-11	0.529862	-0.7921905	-0.30216902	440.2354	0	786115.1
5.2000000000000984e-11	0.52597	-0.7902625	-0.3137859	439.9493	0	786608.3
5.250000000000101e-11	0.52184516	-0.78828967	-0.32541218	439.6638	0	787100.3
5.300000000000103e-11	0.5174874	-0.7862682	-0.3370466	439.37885	0	787591.06
5.3500000000001056e-11	0.51289713	-0.78419375	-0.3486879	439.09448	0	788080.6
5.400000000000108e-11	0.5080747	-0.7820619	-0.36033455	438.81073	0	788568.94
5.4500000000001104e-11	0.5030207	-0.77986807	-0.37198508	438.52753	0	789056
5.500000000000113e-11	0.49773595	-0.7776073	-0.3836378	438.2449	0	789541.9
5.550000000000115e-11	0.49222133	-0.77527463	-0.39529094	437.96286	0	790026.56
5.6000000000001177e-11	0.48647797	-0.7728644	-0.4069426	437.6814	0	790510
5.65000000000012e-11	0.48050737	-0.77037156	-0.41859078	437.4005	0	790992.3
5.7000000000001225e-11	0.47431105	-0.7677899	-0.43023336	437.1202	0	791473.4
5.750000000000125e-11	0.4678909	-0.76511383	-0.44186798	436.84045	0	791953.2
5.800000000000127e-11	0.461249	-0.762337	-0.4534923	436.56128	0	792431.9
5.85000000000013e-11	0.45438778	-0.7594532	-0.46510375	436.28268	0	792909.4
5.900000000000132e-11	0.44730985	-0.7564558	-0.47669968	436.00464	0	793385.7
5.950000000000135e-11	0.44001827	-0.7533382	-0.48827726	435.72717	0	793860.75
6.000000000000137e-11	0.4325164	-0.7500937	-0.49983352	435.4503	0	794334.7
6.05000000000014e-11	0.4248078	-0.74671525	-0.5113653	435.17392	0	794807.44
6.100000000000142e-11	0.41689637	-0.7431957	-0.5228696	434.89816	0	795279
6.150000000000144e-11	0.4087866	-0.73952794	-0.5343428	434.62296	0	795749.44
6.200000000000147e-11	0.40048328	-0.7357048	-0.54578143	434.3483	0	796218.7
6.250000000000149e-11	0.3919914	-0.7317186	-0.5571819	434.07422	0	796686.75
6.300000000000151e-11	0.38331664	-0.7275622	-0.5685404	433.8007	0	797153.7
6.350000000000154e-11	0.37446478	-0.7232279	-0.5798529	433.5277	0	797619.44
6.400000000000156e-11	0.36544222	-0.71870846	-0.5911154	433.25528	0	798084
6.450000000000159e-11	0.35625586	-0.71399635	-0.6023238	432.98343	0	798547.5
6.500000000000161e-11	0.346913	-0.709084	-0.61347353	432.71213	0	799009.8
6.550000000000163e-11	0.33742124	-0.70396405	-0.6245603	432.44138	0	799470.94
6.600000000000166e-11	0.3277888	-0.6986294	-0.63557947	432.17117	0	799930.94
6.650000000000168e-11	0.31802437	-0.6930728	-0.64652634	431.90152	0	800389.8
6.700000000000171e-11	0.30813706	-0.68728703	-0.6573961	431.63242	0	800847.56
6.750000000000173e-11	0.29813647	-0.6812654	-0.6681838	431.3639	0	801304.2
6.800000000000176e-11	0.28803268	-0.6750011	-0.6788846	431.0959	0	801759.6
6.850000000000178e-11	0.27783626	-0.6684879	-0.6894933	430.82843	0	802214
6.90000000000018e-11	0.2675582	-0.6617193	-0.70000464	430.56152	0	802667.25
6.950000000000183e-11	0.25721	-0.6546898	-0.71041346	430.29517	0	803119.3
7.000000000000185e-11	0.24680369	-0.64739364	-0.7207144	430.02933	0	803570.3
7.050000000000188e-11	0.23635162	-0.6398257	-0.7309019	429.76407	0	804020.2
7.10000000000019e-11	0.2258666	-0.6319812	-0.74097085	429.49933	0	804468.94
7.150000000000192e-11	0.21536195	-0.62385577	-0.7509155	429.2351	0	804916.6
7.200000000000195e-11	0.20485128	-0.6154456	-0.7607306	428.97147	0	805363.1
7.250000000000197e-11	0.19434871	-0.6067472	-0.7704107	428.70834	0	805808.6
7.3000000000002e-11	0.18386863	-0.5977579	-0.77995	428.44577	0	806252.94
7.350000000000202e-11	0.17342576	-0.5884753	-0.7893433	428.18372	0	806696.2
7.400000000000205e-11	0.16303518	-0.57889766	-0.798585	427.9222	0	807138.4
7.450000000000207e-11	0.15271224	-0.5690241	-0.8076697	427.66122	0	807579.44
7.500000000000209e-11	0.14247252	-0.558854	-0.8165922	427.40076	0	808019.4
7.550000000000212e-11	0.1323318	-0.54838765	-0.82534695	427.14087	0	808458.3
7.600000000000214e-11	0.12230606	-0.537626	-0.833929	426.88147	0	808896.1
7.650000000000217e-11	0.11241139	-0.52657086	-0.842333	426.62262	0	809332.8
7.700000000000219e-11	0.102664	-0.51522446	-0.85055417	426.3643	0	809768.5
7.750000000000221e-11	0.093080126	-0.50359	-0.85858744	426.10648	0	810203.06
7.800000000000224e-11	0.08367602	-0.4916714	-0.8664282	425.8492	0	810636.56
7.850000000000226e-11	0.074467845	-0.4794734	-0.8740717	425.59247	0	811069
7.900000000000229e-11	0.06547174	-0.4670014	-0.88151366	425.33624	0	811500.44
7.950000000000231e-11	0.056703653	-0.4542618	-0.8887499	425.08054	0	811930.75
8.000000000000233e-11	0.048179384	-0.44126153	-0.89577633	424.82535	0	812360
8.050000000000236e-11	0.039914437	-0.42800847	-0.9025887	424.57068	0	812788.2
8.100000000000238e-11	0.031924054	-0.41451132	-0.90918374	424.31653	0	813215.4
8.150000000000241e-11	0.02422314	-0.40077937	-0.9155581	424.06293	0	813641.44
8.200000000000243e-11	0.016826192	-0.38682282	-0.9217083	423.8098	0	814066.5
8.250000000000246e-11	0.009747267	-0.37265253	-0.92763156	423.55722	0	814490.5
8.300000000000248e-11	0.0029999332	-0.35828015	-0.93332523	423.30515	0	814913.5
8.35000000000025e-11	-0.0034027817	-0.34371793	-0.93878686	423.0536	0	815335.44
8.400000000000253e-11	-0.009448434	-0.3289789	-0.9440144	422.80255	0	815756.3
8.450000000000255e-11	-0.015125215	-0.3140766	-0.9490058	422.552	0	816176.2
8.500000000000258e-11	-0.020421978	-0.29902524	-0.95375955	422.30197	0	816595
8.55000000000026e-11	-0.0253283	-0.28383964	-0.95827436	422.05246	0	817012.8
8.600000000000262e-11	-0.0298345	-0.26853505	-0.9625494	421.80347	0	817429.6
8.650000000000265e-11	-0.03393167	-0.25312722	-0.9665836	421.55496	0	817845.4
8.700000000000267e-11	-0.037611738	-0.23763241	-0.97037685	421.30698	0	818260.1
8.75000000000027e-11	-0.040867448	-0.2220672	-0.973929	421.0595	0	818673.8
8.800000000000272e-11	-0.043692432	-0.20644851	-0.9772402	420.81253	0	819086.5
8.850000000000274e-11	-0.04608117	-0.19079359	-0.9803111	420.56604	0	819498.25
8.900000000000277e-11	-0.048029106	-0.17511988	-0.9831423	420.32007	0	819908.94
8.950000000000279e-11	-0.049532548	-0.15944506	-0.98573494	420.07462	0	820318.6
9.000000000000282e-11	-0.050588764	-0.14378689	-0.9880906	419.82962	0	820727.25
9.050000000000284e-11	-0.05119594	-0.12816325	-0.9902107	419.58517	0	821134.94
9.100000000000287e-11	-0.05135318	-0.112592034	-0.9920973	419.3412	0	821541.6
9.150000000000289e-11	-0.051060565	-0.097091086	-0.9937529	419.09772	0	821947.3
9.200000000000291e-11	-0.050319057	-0.08167816	-0.99517983	418.85474	0	822352.06
9.250000000000294e-11	-0.049130566	-0.06637091	-0.9963808	418.61227	0	822755.75
9.300000000000296e-11	-0.04749789	-0.051186793	-0.9973588	418.37027	0	823158.44
9.350000000000299e-11	-0.045424726	-0.036143016	-0.99811745	418.12878	0	823560.2
9.400000000000301e-11	-0.042915635	-0.0212565	-0.99866	417.8878	0	823960.94
9.450000000000303e-11	-0.039976023	-0.0065438524	-0.9989903	417.64728	0	824360.75
9.500000000000306e-11	-0.03661211	0.007978709	-0.99911225	417.40726	0	824759.5
9.550000000000308e-11	-0.032830924	0.022295386	-0.9990304	417.16772	0	825157.4
9.60000000000031e-11	-0.028640231	0.03639083	-0.99874866	416.92868	0	825554.2
9.650000000000313e-11	-0.024048543	0.05025019	-0.99827194	416.69016	0	825950.1
9.700000000000315e-11	-0.019065052	0.06385915	-0.9976049	416.4521	0	826345
9.750000000000318e-11	-0.013699607	0.07720395	-0.9967523	416.2145	0	826739
9.80000000000032e-11	-0.007962668	0.090271436	-0.9957196	415.97742	0	827132
9.850000000000323e-11	-0.0018652712	0.103049025	-0.9945118	415.74078	0	827524
9.900000000000325e-11	0.0045810137	0.115524836	-0.99313414	415.50467	0	827915.1
9.950000000000328e-11	0.011364128	0.12768759	-0.9915921	415.269	0	828305.25
1.000000000000033e-10	0.018471567	0.13952672	-0.9898914	415.03384	0	828694.44
1.0050000000000332e-10	0.02589042	0.15103233	-0.9880378	414.79916	0	829082.6
1.0100000000000335e-10	0.033607416	0.16219525	-0.98603666	414.56497	0	829469.94
1.0150000000000337e-10	0.041608963	0.17300695	-0.98389417	414.33124	0	829856.25
1.020000000000034e-10	0.049881212	0.18345971	-0.9816161	414.098	0	830241.7
1.0250000000000342e-10	0.05841006	0.19354643	-0.97920823	413.8652	0	830626.1
1.0300000000000344e-10	0.06718123	0.20326078	-0.97667664	413.6329	0	831009.7
1.0350000000000347e-10	0.07618028	0.2125971	-0.97402734	413.4011	0	831392.25
1.0400000000000349e-10	0.085392684	0.22155051	-0.9712664	413.16974	0	831773.94
1.0450000000000352e-10	0.094803825	0.2301168	-0.9683996	412.93884	0	832154.7
1.0500000000000354e-10	0.10439906	0.23829232	-0.96543306	412.70844	0	832534.5
1.0550000000000356e-10	0.11416377	0.2460743	-0.9623729	412.4785	0	832913.4
1.0600000000000359e-10	0.12408333	0.2534605	-0.959225	412.24902	0	833291.4
1.0650000000000361e-10	0.13414322	0.26044932	-0.9559953	412.02002	0	833668.44
1.0700000000000364e-10	0.14432903	0.2670399	-0.9526898	411.79147	0	834044.56
1.0750000000000366e-10	0.15462649	0.27323186	-0.9493143	411.56342	0	834419.75
1.0800000000000369e-10	0.16502139	0.2790255	-0.9458747	411.33582	0	834794.06
1.0850000000000371e-10	0.17549984	0.28442168	-0.9423765	411.10867	0	835167.5
1.0900000000000373e-10	0.18604812	0.2894217	-0.9388257	410.882	0	835540
1.0950000000000376e-10	0.19665271	0.2940276	-0.9352279	410.65576	0	835911.6
1.1000000000000378e-10	0.2073004	0.2982417	-0.93158853	410.43002	0	836282.3
1.105000000000038e-10	0.21797812	0.30206695	-0.92791295	410.2047	0	836652.1
1.1100000000000383e-10	0.22867326	0.30550668	-0.924207	409.9799	0	837021
1.1150000000000385e-10	0.2393734	0.30856466	-0.9204756	409.75552	0	837389
1.1200000000000388e-10	0.25006646	0.31124502	-0.9167239	409.5316	0	837756.1
1.125000000000039e-10	0.2607408	0.3135525	-0.9129574	409.30814	0	838122.4
1.1300000000000393e-10	0.2713849	0.31549188	-0.90918064	409.08514	0	838487.7
1.1350000000000395e-10	0.28198773	0.31706843	-0.9053989	408.86258	0	838852.1
1.1400000000000397e-10	0.29253864	0.3182878	-0.9016168	408.64047	0	839215.75
1.14500000000004e-10	0.3030272	0.31915575	-0.89783907	408.41885	0	839578.44
1.1500000000000402e-10	0.3134435	0.31967846	-0.8940704	408.19766	0	839940.25
1.1550000000000405e-10	0.32377794	0.31986228	-0.890315	407.97693	0	840301.2
1.1600000000000407e-10	0.33402118	0.31971374	-0.8865775	407.75662	0	840661.25
1.1650000000000407e-10	0.34416437	0.31923965	-0.88286203	407.5368	0	841020.44
1.1700000000000396e-10	0.35419828	0.31844816	-0.8791725	407.40512	0	841235.56
1.1750000000000386e-10	0.36411586	0.31734475	-0.8755132	407.14224	0	841664.75
1.1800000000000375e-10	0.37390837	0.3159381	-0.871888	406.88004	0	842092.75
1.1850000000000365e-10	0.38356918	0.31423402	-0.8683007	406.74915	0	842306.25
1.1900000000000354e-10	0.39309126	0.31224006	-0.8647551	406.48788	0	842732.4
1.1950000000000344e-10	0.40246707	0.3099652	-0.86125416	406.22726	0	843157.3
1.2000000000000333e-10	0.41169095	0.30741563	-0.85780203	406.0972	0	843369.25
1.2050000000000323e-10	0.42075673	0.3045989	-0.85440177	405.83755	0	843792.3
1.2100000000000312e-10	0.42965806	0.30152434	-0.8510564	405.57852	0	844214.1
1.2150000000000302e-10	0.43839017	0.29819813	-0.8477694	405.44925	0	844424.6
1.2200000000000291e-10	0.44694778	0.2946279	-0.8445435	405.19116	0	844844.56
1.225000000000028e-10	0.45532554	0.2908231	-0.84138155	404.93372	0	845263.4
1.230000000000027e-10	0.46351957	0.28678983	-0.8382864	404.80524	0	845472.3
1.235000000000026e-10	0.47152552	0.28253576	-0.8352608	404.5487	0	845889.25
1.240000000000025e-10	0.47933874	0.27807027	-0.83230704	404.29285	0	846305.06
1.245000000000024e-10	0.4869562	0.27339935	-0.82942784	404.16513	0	846512.44
1.2500000000000228e-10	0.49437442	0.26853064	-0.8266253	403.91022	0	846926.44
1.2550000000000218e-10	0.5015895	0.26347333	-0.8239017	403.65588	0	847339.2
1.2600000000000207e-10	0.50859904	0.25823325	-0.8212593	403.52896	0	847545.1
1.2650000000000197e-10	0.5154004	0.2528179	-0.8187	403.2756	0	847956.1
1.2700000000000186e-10	0.52199024	0.24723628	-0.8162255	403.02283	0	848365.9
1.2750000000000176e-10	0.5283669	0.241494	-0.8138381	402.8967	0	848570.4
1.2800000000000165e-10	0.53452814	0.23559836	-0.81153923	402.64487	0	848978.4
1.2850000000000155e-10	0.54047155	0.2295582	-0.80933046	402.39365	0	849385.25
1.2900000000000144e-10	0.5461958	0.22337887	-0.8072136	402.26825	0	849588.2
1.2950000000000134e-10	0.55169916	0.21706738	-0.8051898	402.01797	0	849993.3
1.3000000000000123e-10	0.5569799	0.21063243	-0.8032602	401.76828	0	850397.25
1.3050000000000113e-10	0.56203705	0.20407912	-0.8014267	401.64368	0	850598.75
1.3100000000000102e-10	0.5668695	0.19741414	-0.79969	401.3949	0	851000.94
1.3150000000000092e-10	0.5714758	0.190646	-0.79805124	401.14676	0	851401.94
1.320000000000008e-10	0.57585543	0.18377955	-0.7965114	401.02292	0	851602
1.325000000000007e-10	0.5800077	0.17682125	-0.7950714	400.77567	0	852001.3
1.330000000000006e-10	0.5839315	0.16977943	-0.7937319	400.52902	0	852399.44
1.335000000000005e-10	0.5876269	0.16265862	-0.7924938	400.4059	0	852598.06
1.340000000000004e-10	0.59109306	0.15546514	-0.7913578	400.1602	0	852994.5
1.3450000000000029e-10	0.59432983	0.14820704	-0.7903242	399.91507	0	853389.8
1.3500000000000018e-10	0.597337	0.14088868	-0.7893936	399.79272	0	853587
1.3550000000000007e-10	0.6001146	0.13351615	-0.7885666	399.5485	0	853980.56
1.3604999999999996e-10	0.6029045	0.12535259	-0.78777623	399.30484	0	854373.06
1.3654999999999985e-10	0.60519964	0.11788907	-0.7871668	399.18326	0	854568.8
1.3704999999999975e-10	0.60726523	0.11038815	-0.78666174	398.9405	0	854959.56
1.3754999999999964e-10	0.60910165	0.102859356	-0.78626055	398.69836	0	855349.25
1.3804999999999954e-10	0.61070925	0.09530851	-0.7859632	398.5775	0	855543.6
1.3854999999999943e-10	0.61208826	0.08773779	-0.78577006	398.33624	0	855931.56
1.3904999999999933e-10	0.61323935	0.08015658	-0.78568065	398.09558	0	856318.44
1.3954999999999922e-10	0.61416304	0.072570585	-0.7856945	397.97546	0	856511.44
1.4004999999999912e-10	0.6148598	0.06498189	-0.78581166	397.73566	0	856896.6
1.4054999999999901e-10	0.61533064	0.05739976	-0.7860314	397.49646	0	857280.7
1.410499999999989e-10	0.6155762	0.049829815	-0.7863531	397.37708	0	857472.3
1.415499999999988e-10	0.61559737	0.04227412	-0.7867768	397.13876	0	857854.75
1.420499999999987e-10	0.6153952	0.03474182	-0.7873011	396.90103	0	858236.06
1.425499999999986e-10	0.61497074	0.027238473	-0.78792554	396.78238	0	858426.4
1.430499999999985e-10	0.61432487	0.01976614	-0.78864956	396.5455	0	858806.06
1.4354999999999838e-10	0.6134591	0.012333893	-0.78947186	396.30923	0	859184.6
1.4404999999999828e-10	0.6123749	0.004947262	-0.79039156	396.19128	0	859373.56
1.4454999999999817e-10	0.61107314	-0.0023916848	-0.7914078	395.95587	0	859750.5
1.4504999999999807e-10	0.6095558	-0.00967393	-0.7925193	395.72104	0	860126.44
1.4554999999999796e-10	0.6078244	-0.01689395	-0.7937245	395.60382	0	860314
1.4604999999999786e-10	0.60588026	-0.024049643	-0.7950229	395.36984	0	860688.25
1.4654999999999775e-10	0.6037258	-0.031132054	-0.7964124	395.1364	0	861061.5
1.4704999999999765e-10	0.601363	-0.038135655	-0.7978916	395.01993	0	861247.7
1.4754999999999754e-10	0.598793	-0.045058303	-0.7994595	394.78738	0	861619.3
1.4804999999999744e-10	0.59601897	-0.051891077	-0.80111396	394.5554	0	861989.9
1.4854999999999733e-10	0.5930432	-0.05862848	-0.80285335	394.4396	0	862174.75
1.4904999999999723e-10	0.58986735	-0.0652683	-0.80467623	394.2085	0	862543.75
1.4954999999999712e-10	0.5864947	-0.07180169	-0.80658054	393.9779	0	862911.6
1.5004999999999702e-10	0.5829282	-0.078223206	-0.808564	393.86285	0	863095.2
1.505499999999969e-10	0.5791697	-0.08453055	-0.8106253	393.63312	0	863461.56
1.510499999999968e-10	0.57522327	-0.09071501	-0.8127618	393.40396	0	863826.9
1.515499999999967e-10	0.57109225	-0.096771166	-0.8149713	393.28958	0	864009.1
1.520499999999966e-10	0.56677884	-0.1026967	-0.8172521	393.06128	0	864372.9
1.525499999999965e-10	0.56228787	-0.10848308	-0.8196014	392.83353	0	864735.56
1.5304999999999639e-10	0.557623	-0.11412497	-0.8220168	392.71985	0	864916.5
1.5354999999999628e-10	0.55278707	-0.11962008	-0.82449627	392.49292	0	865277.7
1.5404999999999617e-10	0.54778534	-0.12496006	-0.827037	392.26654	0	865637.75
1.5454999999999607e-10	0.54262227	-0.13013975	-0.8296359	392.15356	0	865817.44
1.5504999999999596e-10	0.537301	-0.13515693	-0.8322913	391.92804	0	866176.06
1.5554999999999586e-10	0.5318278	-0.14000356	-0.8349997	391.70306	0	866533.56
1.5604999999999575e-10	0.5262075	-0.14467467	-0.8377584	391.59076	0	866712
1.5654999999999565e-10	0.52044386	-0.14916824	-0.840565	391.3666	0	867068
1.5704999999999554e-10	0.5145437	-0.15347657	-0.8434159	391.14297	0	867423.06
1.5754999999999544e-10	0.5085127	-0.15759504	-0.84630835	391.0314	0	867600.2
1.5804999999999533e-10	0.50235516	-0.16152182	-0.8492395	390.8086	0	867953.7
1.5854999999999523e-10	0.4960787	-0.16524976	-0.8522061	390.58633	0	868306.2
1.5904999999999512e-10	0.48968953	-0.16877459	-0.8552048	390.47543	0	868482.06
1.5954999999999502e-10	0.48319262	-0.17209488	-0.8582328	390.254	0	868833.06
1.6004999999999491e-10	0.4765961	-0.17520408	-0.8612867	390.0331	0	869183.06
1.605499999999948e-10	0.4699071	-0.17809846	-0.86436284	389.92285	0	869357.7
1.610499999999947e-10	0.46313104	-0.18077697	-0.8674586	389.7028	0	869706.2
1.615499999999946e-10	0.45627695	-0.18323387	-0.87057006	389.48325	0	870053.7
1.620499999999945e-10	0.44935235	-0.18546605	-0.8736939	389.3737	0	870227.06
1.625499999999944e-10	0.4423632	-0.1874731	-0.8768272	389.15494	0	870573.1
1.6304999999999428e-10	0.4353193	-0.18925004	-0.87996584	388.93674	0	870918.2
1.6354999999999418e-10	0.42822856	-0.19079457	-0.88310677	388.82785	0	871090.3
1.6404999999999407e-10	0.42109773	-0.19210704	-0.88624674	388.61044	0	871433.94
1.6454999999999397e-10	0.4139368	-0.19318336	-0.8893818	388.3936	0	871776.5
1.6504999999999386e-10	0.40675446	-0.19402216	-0.8925088	388.28534	0	871947.5
1.6554999999999376e-10	0.39955777	-0.1946246	-0.8956244	388.06927	0	872288.6
1.6604999999999365e-10	0.3923572	-0.19498771	-0.8987251	387.85373	0	872628.8
1.6654999999999355e-10	0.38516155	-0.19511116	-0.90180737	387.74615	0	872798.56
1.6704999999999344e-10	0.37797847	-0.19499695	-0.9048678	387.5314	0	873137.3
1.6754999999999334e-10	0.3708186	-0.19464336	-0.9079032	387.31717	0	873475.06
1.6804999999999323e-10	0.3636911	-0.19405115	-0.9109101	387.21027	0	873643.6
1.6854999999999313e-10	0.3566036	-0.19322333	-0.91388565	386.99683	0	873979.94
1.6904999999999302e-10	0.34956697	-0.19215946	-0.91682607	386.7839	0	874315.3
1.6954999999999292e-10	0.3425904	-0.19086145	-0.91972846	386.67764	0	874482.7
1.700499999999928e-10	0.33568156	-0.18933344	-0.92258984	386.4655	0	874816.7
1.705499999999927e-10	0.32885122	-0.18757626	-0.92540693	386.25388	0	875149.7
1.710499999999926e-10	0.32210848	-0.1855931	-0.9281769	386.1483	0	875315.9
1.715499999999925e-10	0.31546077	-0.18338914	-0.9308967	385.93744	0	875647.44
1.720499999999924e-10	0.30891865	-0.1809666	-0.93356377	385.7271	0	875978.1
1.7254999999999229e-10	0.30249086	-0.17832984	-0.93617517	385.62213	0	876143.1
1.7304999999999218e-10	0.2961845	-0.17548524	-0.9387285	385.41257	0	876472.4
1.7354999999999207e-10	0.29000968	-0.17243628	-0.9412212	385.20355	0	876800.75
1.7404999999999197e-10	0.28397444	-0.16918856	-0.9436506	385.0992	0	876964.56
1.7454999999999186e-10	0.27808553	-0.16574943	-0.9460148	384.89093	0	877291.5
1.7504999999999176e-10	0.27235216	-0.16212374	-0.9483113	384.68317	0	877617.56
1.7554999999999165e-10	0.26678184	-0.15831813	-0.9505382	384.5795	0	877780.25
1.7604999999999155e-10	0.26138046	-0.15434101	-0.9526935	384.37247	0	878104.9
1.7654999999999144e-10	0.25615633	-0.15019833	-0.95477545	384.166	0	878428.6
1.7704999999999134e-10	0.25111598	-0.1458978	-0.9567823	384.06293	0	878590.1
1.7754999999999123e-10	0.24626449	-0.14144868	-0.9587125	383.85718	0	878912.5
1.7804999999999113e-10	0.24160902	-0.13685793	-0.9605646	383.65195	0	879233.94
1.7854999999999102e-10	0.237155	-0.1321341	-0.9623375	383.54953	0	879394.3
1.7904999999999092e-10	0.23290645	-0.12728722	-0.96403	383.34506	0	879714.44
1.7954999999999081e-10	0.22886918	-0.12232507	-0.96564096	383.14108	0	880033.6
1.800499999999907e-10	0.22504751	-0.11725686	-0.9671697	383.03928	0	880192.9
1.805499999999906e-10	0.22144422	-0.112093225	-0.96861553	382.83603	0	880510.75
1.810499999999905e-10	0.21806373	-0.10684252	-0.9699779	382.6333	0	880827.7
1.815499999999904e-10	0.21490899	-0.10151445	-0.97125626	382.5321	0	880985.8
1.820499999999903e-10	0.2119815	-0.09611999	-0.9724505	382.33014	0	881301.44
1.8254999999999018e-10	0.20928423	-0.0906679	-0.97356045	382.12863	0	881616.1
1.8304999999999008e-10	0.20681867	-0.085168146	-0.97458625	382.02808	0	881773.2
1.8354999999998997e-10	0.20458509	-0.07963184	-0.9755279	381.8273	0	882086.56
1.8404999999998987e-10	0.20258485	-0.07406788	-0.97638595	381.62704	0	882399.06
1.8454999999998976e-10	0.20081803	-0.068486266	-0.9771606	381.5271	0	882555
1.8504999999998966e-10	0.19928356	-0.062898055	-0.97785264	381.32758	0	882866.2
1.8554999999998955e-10	0.19798128	-0.057312008	-0.97846276	381.1285	0	883176.5
1.8604999999998945e-10	0.1969099	-0.05173793	-0.97899175	381.02917	0	883331.4
1.8654999999998934e-10	0.196067	-0.04618661	-0.9794407	380.83087	0	883640.4
1.8704999999998924e-10	0.19545104	-0.040666476	-0.97981054	380.63306	0	883948.5
1.8754999999998913e-10	0.1950592	-0.035186898	-0.98010284	380.5343	0	884102.25
1.8804999999998903e-10	0.19488801	-0.029758183	-0.9803187	380.33722	0	884409.1
1.8854999999998892e-10	0.19493449	-0.024388205	-0.98045987	380.1406	0	884715.06
1.8904999999998882e-10	0.19519459	-0.019085709	-0.9805275	380.04245	0	884867.75
1.895499999999887e-10	0.19566369	-0.013860347	-0.9805236	379.84656	0	885172.44
1.900499999999886e-10	0.19633754	-0.008719229	-0.98044986	379.65115	0	885476.3
1.905499999999885e-10	0.19721106	-0.0036703183	-0.98030806	379.55362	0	885627.9
1.910499999999884e-10	0.1982786	0.0012775547	-0.98010033	379.35892	0	885930.44
1.915499999999883e-10	0.19953482	0.006118191	-0.97982854	379.1647	0	886232.2
1.9204999999998819e-10	0.20097367	0.010844567	-0.9794949	379.06775	0	886382.7
1.9254999999998808e-10	0.20258869	0.015448785	-0.9791017	378.87424	0	886683.2
1.9304999999998798e-10	0.20437363	0.019925699	-0.9786511	378.6812	0	886982.75
1.9354999999998787e-10	0.2063216	0.024269322	-0.97814536	378.58487	0	887132.25
1.9404999999998776e-10	0.20842563	0.028472785	-0.97758704	378.39252	0	887430.56
1.9454999999998766e-10	0.21067859	0.03253207	-0.9769782	378.20068	0	887728.1
1.9504999999998755e-10	0.21307309	0.036442325	-0.9763217	378.10492	0	887876.56
1.9554999999998745e-10	0.21560156	0.040197752	-0.97562	377.91376	0	888172.8
1.9604999999998734e-10	0.21825652	0.043795537	-0.9748754	377.72308	0	888468.25
1.9654999999998724e-10	0.22103012	0.04723195	-0.97409064	377.6279	0	888615.6
1.9704999999998713e-10	0.22391446	0.050502334	-0.97326815	377.43793	0	888909.8
1.9754999999998703e-10	0.22690167	0.053605065	-0.9724108	377.24838	0	889203.2
1.9804999999998692e-10	0.22998373	0.05653759	-0.9715208	377.1538	0	889349.56
1.9854999999998682e-10	0.23315267	0.059296343	-0.9706012	376.96497	0	889641.7
1.9904999999998671e-10	0.23640043	0.061880898	-0.9696543	376.7766	0	889933
1.995499999999866e-10	0.2397189	0.064289846	-0.9686828	376.68262	0	890078.4
2.000499999999865e-10	0.24310018	0.06652067	-0.96768945	376.49493	0	890368.5
2.005499999999864e-10	0.24653623	0.068574116	-0.96667665	376.3077	0	890657.75
2.010499999999863e-10	0.25001907	0.07044985	-0.9656471	376.21426	0	890802.1
2.015499999999862e-10	0.25354096	0.072146386	-0.9646032	376.02774	0	891090.2
2.0204999999998608e-10	0.25709406	0.07366555	-0.9635476	375.84167	0	891377.44
2.0254999999998598e-10	0.2606707	0.07500803	-0.96248275	375.7488	0	891520.8
2.0304999999998587e-10	0.2642633	0.07617328	-0.961411	375.56342	0	891806.9
2.0354999999998577e-10	0.2678644	0.07716413	-0.96033484	375.37848	0	892092.1
2.0404999999998566e-10	0.27146664	0.0779822	-0.95925677	375.2862	0	892234.5
2.0454999999998556e-10	0.2750631	0.078627825	-0.958179	375.10193	0	892518.56
2.0504999999998545e-10	0.27864653	0.0791047	-0.95710367	374.91812	0	892801.8
2.0554999999998535e-10	0.28221014	0.079415314	-0.95603323	374.8264	0	892943.2
2.0604999999998524e-10	0.28574738	0.07956072	-0.9549696	374.64325	0	893225.25
2.0654999999998514e-10	0.2892517	0.07954549	-0.9539152	374.46057	0	893506.56
2.0704999999998503e-10	0.2927167	0.079372816	-0.95287186	374.36942	0	893646.94
2.0754999999998493e-10	0.2961366	0.0790444	-0.95184165	374.18738	0	893927.06
2.0804999999998482e-10	0.2995053	0.07856553	-0.9508266	374.00583	0	894206.44
2.0854999999998472e-10	0.30281714	0.077939995	-0.94982827	373.9152	0	894345.8
2.090499999999846e-10	0.3060668	0.07717008	-0.94884866	373.7343	0	894624
2.095499999999845e-10	0.30924895	0.076261654	-0.9478895	373.55383	0	894901.44
2.100499999999844e-10	0.31235865	0.07521904	-0.9469524	373.46378	0	895039.9
2.105499999999843e-10	0.3153911	0.07404497	-0.9460389	373.284	0	895316.1
2.110499999999842e-10	0.3183418	0.07274579	-0.9451506	373.1046	0	895591.6
2.1154999999998409e-10	0.32120636	0.07132625	-0.94428885	373.0151	0	895729.06
2.1204999999998398e-10	0.32398078	0.069789425	-0.943455	372.83643	0	896003.44
2.1254999999998388e-10	0.3266612	0.06814205	-0.9426504	372.65814	0	896277
2.1304999999998377e-10	0.32924408	0.066389196	-0.94187593	372.56918	0	896413.5
2.1354999999998367e-10	0.33172593	0.06453419	-0.94113344	372.39157	0	896685.94
2.1404999999998356e-10	0.3341038	0.06258405	-0.94042295	372.21442	0	896957.6
2.1454999999998345e-10	0.33637464	0.060544074	-0.9397464	372.12598	0	897093.2
2.1504999999998335e-10	0.33853585	0.058417775	-0.9391041	371.94946	0	897363.7
2.1554999999998324e-10	0.34058508	0.05621236	-0.938497	371.77338	0	897633.5
2.1604999999998314e-10	0.34252015	0.05393323	-0.93792576	371.6855	0	897768.1
2.1654999999998303e-10	0.34433898	0.05158403	-0.9373912	371.51004	0	898036.8
2.1704999999998293e-10	0.34604	0.04917204	-0.9368937	371.33502	0	898304.75
2.1754999999998282e-10	0.3476217	0.046702754	-0.9364339	371.24768	0	898438.44
2.1804999999998272e-10	0.34908274	0.0441798	-0.9360122	371.0733	0	898705.25
2.1854999999998261e-10	0.35042214	0.041610487	-0.93562865	370.89935	0	898971.3
2.190499999999825e-10	0.3516392	0.039000276	-0.93528384	370.81253	0	899104.06
2.195499999999824e-10	0.35273314	0.03635277	-0.9349781	370.63925	0	899369
2.200499999999823e-10	0.35370368	0.033675205	-0.9347111	370.46634	0	899633.25
2.205499999999822e-10	0.3545507	0.030972954	-0.93448305	370.38007	0	899765.1
2.210499999999821e-10	0.3552741	0.02824952	-0.93429404	370.20782	0	900028.25
2.2154999999998198e-10	0.3558743	0.025512002	-0.93414384	370.03598	0	900290.6
2.2204999999998188e-10	0.35635182	0.022765603	-0.9340323	369.95023	0	900421.56
2.2254999999998177e-10	0.35670707	0.020013683	-0.93395925	369.77905	0	900682.9
2.2304999999998167e-10	0.3569411	0.017263122	-0.9339242	369.60825	0	900943.44
2.2354999999998156e-10	0.357055	0.014518928	-0.93392694	369.52304	0	901073.5
2.2404999999998146e-10	0.35704976	0.0117842285	-0.93396705	369.35287	0	901333
2.2454999999998135e-10	0.3569271	0.0090656495	-0.9340439	369.18314	0	901591.75
2.2504999999998125e-10	0.3566886	0.0063679214	-0.9341569	369.09842	0	901720.94
2.2554999999998114e-10	0.35633567	0.0036939133	-0.9343057	368.92932	0	901978.6
2.2604999999998104e-10	0.35587066	0.0010499234	-0.9344892	368.76062	0	902235.6
2.2654999999998093e-10	0.35529572	-0.0015596368	-0.9347069	368.67642	0	902363.9
2.2704999999998083e-10	0.35461274	-0.0041322163	-0.9349583	368.50833	0	902619.8
2.2754999999998072e-10	0.3538245	-0.006661886	-0.93524206	368.34067	0	902875
2.2804999999998062e-10	0.35293365	-0.00914461	-0.9355574	368.257	0	903002.4
2.285499999999805e-10	0.3519425	-0.011578184	-0.9359036	368.08994	0	903256.56
2.290499999999804e-10	0.35085434	-0.013957116	-0.9362795	367.92328	0	903510
2.295499999999803e-10	0.3496722	-0.016277775	-0.93668413	367.84012	0	903636.5
2.300499999999802e-10	0.3483987	-0.018538365	-0.93711656	367.6741	0	903888.9
2.305499999999801e-10	0.34703764	-0.020733848	-0.9375754	367.50845	0	904140.6
2.3104999999997999e-10	0.34559247	-0.022861054	-0.9380597	367.4258	0	904266.25
2.3154999999997988e-10	0.34406614	-0.024918623	-0.9385683	367.26077	0	904516.9
2.3204999999997978e-10	0.3424627	-0.026902026	-0.9390999	367.09616	0	904766.9
2.3254999999997967e-10	0.34078595	-0.028808584	-0.93965346	367.014	0	904891.6
2.3304999999997967e-10	0.3390391	-0.03063739	-0.94022745	366.85	0	905140.56
2.335499999999798e-10	0.33722633	-0.032385133	-0.94082075	366.71362	0	905347.56
2.3404999999998e-10	0.33535165	-0.034049496	-0.9414322	366.5775	0	905554
2.3454999999998013e-10	0.33341905	-0.035628483	-0.9420603	366.44168	0	905760
2.350499999999803e-10	0.33143273	-0.03712028	-0.9427037	366.30612	0	905965.56
2.3554999999998044e-10	0.32939672	-0.038523253	-0.9433612	366.17087	0	906170.6
2.360499999999806e-10	0.3273153	-0.039835956	-0.9440314	366.03586	0	906375.2
2.3654999999998074e-10	0.32519266	-0.041057132	-0.9447128	365.90112	0	906579.3
2.370499999999809e-10	0.3230331	-0.042185716	-0.94540423	365.7667	0	906783
2.3754999999998105e-10	0.32084092	-0.043220814	-0.9461042	365.6325	0	906986.2
2.380499999999812e-10	0.3186204	-0.04416175	-0.94681156	365.49863	0	907188.9
2.3854999999998136e-10	0.3163759	-0.04500802	-0.9475246	365.365	0	907391.1
2.390499999999815e-10	0.3141118	-0.045759305	-0.94824237	365.23163	0	907592.94
2.3954999999998166e-10	0.31183228	-0.046415497	-0.9489632	365.09854	0	907794.25
2.400499999999818e-10	0.30954176	-0.046976667	-0.94968575	364.96573	0	907995.1
2.4054999999998197e-10	0.30724442	-0.047443066	-0.9504091	364.8332	0	908195.5
2.410499999999821e-10	0.3049446	-0.047815163	-0.95113164	364.70093	0	908395.44
2.415499999999823e-10	0.30264643	-0.04809355	-0.951852	364.56894	0	908594.94
2.4204999999998243e-10	0.30035415	-0.04827909	-0.9525693	364.4372	0	908793.94
2.425499999999826e-10	0.29807174	-0.04837275	-0.9532819	364.30576	0	908992.5
2.4304999999998274e-10	0.2958033	-0.048375703	-0.95398897	364.17456	0	909190.6
2.435499999999829e-10	0.2935528	-0.048289295	-0.9546891	364.04364	0	909388.3
2.4404999999998304e-10	0.29132402	-0.048115052	-0.9553811	363.91296	0	909585.5
2.445499999999832e-10	0.28912082	-0.04785464	-0.95606405	363.7826	0	909782.25
2.4504999999998335e-10	0.2869469	-0.04750991	-0.95673686	363.65247	0	909978.56
2.455499999999835e-10	0.28480577	-0.047082845	-0.9573984	363.52258	0	910174.44
2.4604999999998366e-10	0.28270102	-0.046575606	-0.9580476	363.393	0	910369.8
2.465499999999838e-10	0.2806359	-0.045990482	-0.9586837	363.26367	0	910564.75
2.4704999999998396e-10	0.27861363	-0.045329906	-0.95930576	363.1346	0	910759.3
2.475499999999841e-10	0.27663735	-0.044596437	-0.95991266	363.0058	0	910953.4
2.4804999999998427e-10	0.27471003	-0.043792758	-0.960504	362.87726	0	911147
2.485499999999844e-10	0.27283448	-0.042921685	-0.9610785	362.74896	0	911340.2
2.490499999999846e-10	0.27101335	-0.041986134	-0.9616359	362.62097	0	911532.94
2.4954999999998473e-10	0.26924923	-0.040989116	-0.96217513	362.4932	0	911725.2
2.500499999999849e-10	0.26754433	-0.039933756	-0.96269584	362.36572	0	911917.06
2.5054999999998504e-10	0.26590103	-0.038823247	-0.96319735	362.23846	0	912108.5
2.510499999999852e-10	0.26432124	-0.037660882	-0.9636791	362.1115	0	912299.5
2.5154999999998534e-10	0.26280683	-0.036450002	-0.9641405	361.98477	0	912490
2.520499999999855e-10	0.2613596	-0.035194032	-0.9645812	361.85834	0	912680.1
2.5254999999998565e-10	0.25998098	-0.033896435	-0.965001	361.73212	0	912869.8
2.530499999999858e-10	0.25867233	-0.03256073	-0.9653994	361.60617	0	913059.06
2.5354999999998596e-10	0.25743487	-0.031190457	-0.9657761	361.4805	0	913247.9
2.540499999999861e-10	0.25626957	-0.029789196	-0.96613085	361.35507	0	913436.25
2.5454999999998626e-10	0.25517732	-0.028360542	-0.9664637	361.2299	0	913624.2
2.550499999999864e-10	0.2541586	-0.026908096	-0.9667744	361.10498	0	913811.75
2.5554999999998657e-10	0.253214	-0.025435459	-0.96706265	360.98032	0	913998.8
2.560499999999867e-10	0.2523438	-0.023946228	-0.9673287	360.8559	0	914185.5
2.565499999999869e-10	0.2515481	-0.022443982	-0.9675726	360.73175	0	914371.75
2.5704999999998703e-10	0.25082687	-0.020932266	-0.96779454	360.60785	0	914557.56
2.575499999999872e-10	0.2501799	-0.019414604	-0.96799415	360.4842	0	914742.94
2.5804999999998734e-10	0.24960676	-0.017894471	-0.96817195	360.3608	0	914927.94
2.585499999999875e-10	0.2491069	-0.016375296	-0.9683281	360.23767	0	915112.44
2.5904999999998764e-10	0.24867962	-0.01486045	-0.9684629	360.11478	0	915296.56
2.595499999999878e-10	0.24832408	-0.01335323	-0.96857655	359.99213	0	915480.3
2.6004999999998795e-10	0.24803928	-0.0118568735	-0.96866953	359.86972	0	915663.56
2.605499999999881e-10	0.24782397	-0.010374532	-0.96874213	359.7476	0	915846.44
2.6104999999998826e-10	0.24767695	-0.008909266	-0.96879476	359.6257	0	916028.94
2.615499999999884e-10	0.24759664	-0.0074640606	-0.9688278	359.50406	0	916210.94
2.6204999999998856e-10	0.24758165	-0.006041791	-0.968842	359.38266	0	916392.56
2.625499999999887e-10	0.24763018	-0.0046452265	-0.9688377	359.2615	0	916573.8
2.6304999999998887e-10	0.24774039	-0.0032770373	-0.96881545	359.1406	0	916754.6
2.63549999999989e-10	0.24791045	-0.0019397754	-0.9687758	359.01996	0	916935
2.640499999999892e-10	0.2481383	-0.00063587533	-0.96871954	358.89954	0	917115
2.6454999999998933e-10	0.24842176	0.00063234847	-0.968647	358.7794	0	917294.56
2.650499999999895e-10	0.24875867	0.0018627075	-0.9685593	358.65945	0	917473.7
2.6554999999998964e-10	0.2491467	0.0030531415	-0.9684568	358.5398	0	917652.44
2.660499999999898e-10	0.24958351	0.0042017223	-0.96834016	358.42035	0	917830.8
2.6654999999998994e-10	0.2500666	0.0053066565	-0.9682102	358.30118	0	918008.75
2.670499999999901e-10	0.2505935	0.006366288	-0.9680678	358.18222	0	918186.3
2.6754999999999025e-10	0.2511617	0.007379088	-0.96791345	358.06354	0	918363.44
2.680499999999904e-10	0.25176847	0.00834368	-0.9677481	357.94507	0	918540.2
2.6854999999999056e-10	0.25241122	0.009258815	-0.96757233	357.82684	0	918716.5
2.690499999999907e-10	0.25308728	0.010123389	-0.9673872	357.70886	0	918892.44
2.6954999999999086e-10	0.2537939	0.010936438	-0.9671932	357.59116	0	919067.94
2.70049999999991e-10	0.25452834	0.011697139	-0.9669914	357.47363	0	919243.06
2.7054999999999117e-10	0.25528792	0.012404805	-0.96678233	357.35638	0	919417.8
2.710499999999913e-10	0.25606987	0.013058887	-0.96656686	357.23938	0	919592.2
2.715499999999915e-10	0.25687143	0.013658973	-0.9663458	357.1226	0	919766.1
2.7204999999999163e-10	0.2576898	0.014204793	-0.96612	357.00607	0	919939.7
2.725499999999918e-10	0.2585224	0.0146961985	-0.96589017	356.88977	0	920112.8
2.7304999999999194e-10	0.2593664	0.015133172	-0.96565694	356.7737	0	920285.56
2.735499999999921e-10	0.2602192	0.015515836	-0.9654213	356.65787	0	920457.94
2.7404999999999224e-10	0.26107812	0.015844427	-0.965184	356.5423	0	920629.94
2.745499999999924e-10	0.2619406	0.016119314	-0.96494555	356.42694	0	920801.5
2.7504999999999255e-10	0.26280403	0.016340975	-0.9647069	356.3118	0	920972.75
2.755499999999927e-10	0.26366588	0.016510012	-0.96446866	356.19693	0	921143.56
2.7604999999999286e-10	0.26452377	0.016627127	-0.96423155	356.08228	0	921314
2.76549999999993e-10	0.2653753	0.016693141	-0.9639962	355.96786	0	921484
2.7704999999999317e-10	0.2662181	0.016708981	-0.9637633	355.85367	0	921653.7
2.775499999999933e-10	0.26704988	0.016675664	-0.9635337	355.73972	0	921822.94
2.7804999999999347e-10	0.2678685	0.016594307	-0.96330756	355.626	0	921991.8
2.785499999999936e-10	0.26867184	0.016466111	-0.9630858	355.5125	0	922160.3
2.790499999999938e-10	0.26945785	0.016292376	-0.962869	355.39926	0	922328.44
2.7954999999999393e-10	0.27022454	0.016074482	-0.9626576	355.28625	0	922496.2
2.800499999999941e-10	0.27097014	0.01581387	-0.96245205	355.17346	0	922663.56
2.8054999999999424e-10	0.27169278	0.015512067	-0.96225303	355.06088	0	922830.56
2.810499999999944e-10	0.27239075	0.015170665	-0.9620609	354.94858	0	922997.2
2.8154999999999455e-10	0.2730625	0.0147913145	-0.9618761	354.83646	0	923163.44
2.820499999999947e-10	0.2737065	0.014375719	-0.9616991	354.72458	0	923329.25
2.8254999999999485e-10	0.27432135	0.013925647	-0.9615303	354.61295	0	923494.75
2.83049999999995e-10	0.27490577	0.013442899	-0.96137	354.50153	0	923659.9
2.8354999999999516e-10	0.27545848	0.012929328	-0.9612186	354.39032	0	923824.6
2.840499999999953e-10	0.2759784	0.012386808	-0.9610764	354.27936	0	923988.94
2.8454999999999547e-10	0.27646455	0.011817258	-0.9609436	354.16864	0	924152.94
2.850499999999956e-10	0.27691594	0.011222627	-0.9608205	354.0581	0	924316.56
2.8554999999999577e-10	0.27733183	0.010604877	-0.96070737	353.94785	0	924479.8
2.860499999999959e-10	0.27771148	0.00996598	-0.9606043	353.83777	0	924642.7
2.865499999999961e-10	0.27805427	0.009307933	-0.9605114	353.72794	0	924805.25
2.8704999999999623e-10	0.27835968	0.008632732	-0.96042913	353.61832	0	924967.4
2.875499999999964e-10	0.2786274	0.007942376	-0.96035737	353.50894	0	925129.2
2.8804999999999654e-10	0.27885693	0.0072388635	-0.9602959	353.39978	0	925290.56
2.885499999999967e-10	0.27904823	0.006524183	-0.9602454	353.29083	0	925451.6
2.8904999999999685e-10	0.2792011	0.005800314	-0.9602055	353.1821	0	925612.3
2.89549999999997e-10	0.2793155	0.005069222	-0.9601761	353.0736	0	925772.6
2.9004999999999715e-10	0.27939153	0.004332844	-0.96015733	352.96533	0	925932.6
2.905499999999973e-10	0.2794294	0.0035931019	-0.96014947	352.85727	0	926092.25
2.9104999999999746e-10	0.27942923	0.0028518813	-0.96015173	352.74942	0	926251.5
2.915499999999976e-10	0.2793915	0.0021110412	-0.9601644	352.6418	0	926410.4
2.9204999999999777e-10	0.27931648	0.0013724037	-0.96018744	352.53442	0	926568.9
2.925499999999979e-10	0.27920485	0.00063774735	-0.9602206	352.42725	0	926727.06
2.9304999999999807e-10	0.27905703	-9.118694e-05	-0.9602636	352.32028	0	926884.9
2.9354999999999823e-10	0.2788738	-0.0008127082	-0.9603164	352.21353	0	927042.3
2.940499999999984e-10	0.27865583	-0.0015251704	-0.9603788	352.10703	0	927199.44
2.9454999999999853e-10	0.27840394	-0.0022269865	-0.9604503	352.0007	0	927356.2
2.950499999999987e-10	0.278119	-0.0029166215	-0.960531	351.89462	0	927512.6
2.9554999999999884e-10	0.27780193	-0.0035925945	-0.9606203	351.78876	0	927668.6
2.96049999999999e-10	0.27745378	-0.0042534936	-0.9607182	351.6831	0	927824.4
2.9654999999999915e-10	0.2770756	-0.0048979665	-0.9608244	351.57767	0	927979.7
2.970499999999993e-10	0.27666843	-0.005524719	-0.9609382	351.47244	0	928134.7
2.9754999999999945e-10	0.27623352	-0.006132532	-0.9610597	351.36743	0	928289.3
2.980499999999996e-10	0.27577206	-0.0067202537	-0.96118826	351.26263	0	928443.6
2.9854999999999976e-10	0.27528524	-0.0072867973	-0.9613236	351.15805	0	928597.6
2.990499999999999e-10	0.2747745	-0.007831158	-0.96146554	351.05368	0	928751.2
2.9950000000000005e-10	0.2742953	-0.008301423	-0.96159846	350.94952	0	928904.44
3.000000000000002e-10	0.2737426	-0.0088011045	-0.9617516	350.84558	0	929057.4
3.0050000000000036e-10	0.27316982	-0.0092760855	-0.96190995	350.74182	0	929209.94
3.010000000000005e-10	0.2725784	-0.009725642	-0.96207327	350.6383	0	929362.2
3.0150000000000066e-10	0.27196977	-0.010149131	-0.96224135	350.535	0	929514.06
3.020000000000008e-10	0.27134538	-0.010545983	-0.9624133	350.43192	0	929665.6
3.0250000000000097e-10	0.2707067	-0.010915708	-0.9625892	350.329	0	929816.8
3.030000000000011e-10	0.2700552	-0.011257888	-0.9627684	350.22635	0	929967.7
3.035000000000013e-10	0.2693924	-0.011572184	-0.9629503	350.12387	0	930118.25
3.0400000000000143e-10	0.26871973	-0.01185833	-0.963135	350.0216	0	930268.44
3.045000000000016e-10	0.26803875	-0.012116146	-0.96332157	349.91956	0	930418.3
3.0500000000000174e-10	0.26735085	-0.0123455115	-0.96351	349.81772	0	930567.8
3.055000000000019e-10	0.26665762	-0.012546393	-0.9636995	349.7161	0	930717
3.0600000000000205e-10	0.26596037	-0.012718816	-0.96389014	349.61465	0	930865.9
3.065000000000022e-10	0.2652607	-0.012862891	-0.96408117	349.51343	0	931014.4
3.0700000000000235e-10	0.26456	-0.012978795	-0.9642723	349.4124	0	931162.56
3.075000000000025e-10	0.26385963	-0.013066772	-0.9644632	349.3116	0	931310.4
3.0800000000000266e-10	0.26316088	-0.013127127	-0.96465343	349.211	0	931457.94
3.085000000000028e-10	0.2624652	-0.013160223	-0.96484274	349.11063	0	931605.1
3.0900000000000297e-10	0.2617739	-0.013166516	-0.9650306	349.0104	0	931751.94
3.095000000000031e-10	0.2610883	-0.013146495	-0.9652167	348.91043	0	931898.5
3.1000000000000327e-10	0.26040962	-0.013100713	-0.9654009	348.81064	0	932044.7
3.105000000000034e-10	0.259739	-0.013029788	-0.96558267	348.71106	0	932190.56
3.110000000000036e-10	0.25907776	-0.012934384	-0.9657618	348.6117	0	932336.1
3.1150000000000373e-10	0.25842685	-0.012815215	-0.965938	348.5125	0	932481.3
3.120000000000039e-10	0.25778744	-0.0126730455	-0.96611094	348.41354	0	932626.25
3.1250000000000404e-10	0.2571605	-0.012508688	-0.96628034	348.31476	0	932770.8
3.130000000000042e-10	0.25654706	-0.012322991	-0.9664459	348.2162	0	932915.06
3.1350000000000435e-10	0.255948	-0.012116849	-0.9666076	348.11783	0	933059
3.140000000000045e-10	0.25536424	-0.011891195	-0.966765	348.01965	0	933202.56
3.1450000000000465e-10	0.2547965	-0.011646983	-0.966918	347.9217	0	933345.9
3.150000000000048e-10	0.25424564	-0.01138521	-0.9670662	347.82394	0	933488.8
3.1550000000000496e-10	0.25371227	-0.011106891	-0.9672097	347.72638	0	933631.44
3.160000000000051e-10	0.25319713	-0.010813072	-0.9673482	347.629	0	933773.8
3.1650000000000527e-10	0.25270075	-0.010504821	-0.96748155	347.53183	0	933915.8
3.170000000000054e-10	0.2522236	-0.010183218	-0.96760976	347.43484	0	934057.5
3.1750000000000557e-10	0.2517662	-0.009849359	-0.9677325	347.33807	0	934198.9
3.1800000000000573e-10	0.25132897	-0.009504352	-0.9678497	347.24152	0	934339.94
3.185000000000059e-10	0.25091222	-0.009149315	-0.96796143	347.1451	0	934480.6
3.1900000000000603e-10	0.25051624	-0.008785369	-0.9680675	347.04895	0	934621.06
3.195000000000062e-10	0.25014132	-0.008413633	-0.96816796	346.95294	0	934761.2
3.2000000000000634e-10	0.24978746	-0.008035237	-0.9682627	346.85718	0	934901
3.205000000000065e-10	0.24945492	-0.0076512913	-0.96835166	346.76157	0	935040.5
3.2100000000000665e-10	0.2491437	-0.007262913	-0.96843493	346.66617	0	935179.6
3.215000000000068e-10	0.24885379	-0.006871201	-0.9685124	346.57095	0	935318.5
3.2200000000000695e-10	0.24858515	-0.006477248	-0.96858436	346.47595	0	935457.06
3.225000000000071e-10	0.24833764	-0.006082116	-0.96865046	346.38113	0	935595.3
3.2300000000000726e-10	0.24811105	-0.0056868703	-0.968711	346.2865	0	935733.25
3.235000000000074e-10	0.24790521	-0.0052925376	-0.96876615	346.19208	0	935870.9
3.2400000000000757e-10	0.24771982	-0.0049001337	-0.9688156	346.09784	0	936008.2
3.245000000000077e-10	0.24755462	-0.004510644	-0.9688599	346.00378	0	936145.2
3.2500000000000787e-10	0.2474091	-0.0041250237	-0.9688989	345.90994	0	936281.94
3.2550000000000803e-10	0.24728301	-0.0037442048	-0.9689326	345.81628	0	936418.3
3.260000000000082e-10	0.24717577	-0.0033690818	-0.9689615	345.7228	0	936554.44
3.2650000000000833e-10	0.24708699	-0.0030005195	-0.9689854	345.62952	0	936690.25
3.270000000000085e-10	0.24701604	-0.0026393456	-0.9690047	345.53644	0	936825.75
3.2750000000000864e-10	0.2469624	-0.0022863497	-0.96901923	345.44354	0	936960.94
3.280000000000088e-10	0.24692544	-0.0019422863	-0.96902955	345.35083	0	937095.8
3.2850000000000895e-10	0.24690455	-0.0016078707	-0.96903545	345.2583	0	937230.44
3.290000000000091e-10	0.24689902	-0.0012837718	-0.96903735	345.16595	0	937364.7
3.2950000000000925e-10	0.2469082	-0.00097062136	-0.9690354	345.07382	0	937498.7
3.300000000000094e-10	0.24693139	-0.0006690112	-0.96902984	344.98187	0	937632.4
3.3050000000000956e-10	0.24696775	-0.00037948333	-0.9690208	344.8901	0	937765.8
3.310000000000097e-10	0.24701662	-0.00010253586	-0.96900827	344.79852	0	937898.9
3.3150000000000987e-10	0.24707717	0.0001613712	-0.96899295	344.70712	0	938031.7
3.3200000000001e-10	0.24714862	0.00041183102	-0.9689747	344.6159	0	938164.2
3.3250000000001017e-10	0.24723016	0.0006484772	-0.96895367	344.52487	0	938296.44
3.3300000000001033e-10	0.24732098	0.0008709882	-0.9689303	344.43405	0	938428.3
3.335000000000105e-10	0.2474203	0.0010790892	-0.96890485	344.34338	0	938559.94
3.3400000000001063e-10	0.24752721	0.0012725531	-0.9688772	344.25293	0	938691.3
3.345000000000108e-10	0.24764092	0.0014511921	-0.968848	344.16266	0	938822.3
3.3500000000001094e-10	0.24776062	0.0016148685	-0.96881694	344.07254	0	938953.06
3.355000000000111e-10	0.24788551	0.0017634844	-0.96878475	343.98264	0	939083.56
3.3600000000001125e-10	0.24801463	0.00189699	-0.96875143	343.8929	0	939213.75
3.365000000000114e-10	0.24814737	0.002015373	-0.9687171	343.80334	0	939343.6
3.3700000000001155e-10	0.2482828	0.0021186615	-0.9686821	343.714	0	939473.2
3.375000000000117e-10	0.24842004	0.00220693	-0.9686468	343.62482	0	939602.5
3.3800000000001186e-10	0.24855837	0.0022802993	-0.968611	343.5358	0	939731.5
3.38500000000012e-10	0.24869719	0.0023389112	-0.96857524	343.447	0	939860.25
3.3900000000001217e-10	0.24883556	0.0023829597	-0.9685395	343.35834	0	939988.7
3.395000000000123e-10	0.24897282	0.0024126635	-0.96850413	343.2699	0	940116.9
3.400000000000125e-10	0.24910809	0.0024282855	-0.9684692	343.1816	0	940244.75
3.4050000000001263e-10	0.24924086	0.002430123	-0.968435	343.0935	0	940372.3
3.410000000000128e-10	0.24937059	0.0024184948	-0.96840155	343.0056	0	940499.6
3.4150000000001293e-10	0.24949637	0.0023937502	-0.96836925	342.91788	0	940626.6
3.420000000000131e-10	0.24961759	0.002356282	-0.96833783	342.83032	0	940753.4
3.4250000000001324e-10	0.2497338	0.0023065023	-0.96830803	342.74292	0	940879.9
3.430000000000134e-10	0.24984437	0.0022448415	-0.96827966	342.65573	0	941006.06
3.4350000000001355e-10	0.24994873	0.0021717607	-0.96825284	342.5687	0	941131.94
3.440000000000137e-10	0.25004646	0.002087744	-0.9682277	342.48184	0	941257.56
3.4450000000001385e-10	0.250137	0.0019932906	-0.9682044	342.39517	0	941382.94
3.45000000000014e-10	0.2502199	0.001888923	-0.9681831	342.3087	0	941508
3.4550000000001416e-10	0.25029483	0.0017751737	-0.9681639	342.22238	0	941632.75
3.460000000000143e-10	0.25036132	0.0016525966	-0.96814686	342.13623	0	941757.25
3.4650000000001447e-10	0.25041905	0.0015217547	-0.96813214	342.05026	0	941881.5
3.470000000000146e-10	0.25046775	0.0013832244	-0.9681197	341.96448	0	942005.5
3.475000000000148e-10	0.25050706	0.0012375904	-0.9681096	341.87888	0	942129.2
3.4800000000001493e-10	0.25053683	0.0010854418	-0.968102	341.79343	0	942252.56
3.485000000000151e-10	0.2505567	0.00092737516	-0.968097	341.70816	0	942375.7
3.4900000000001524e-10	0.2505666	0.0007639914	-0.96809447	341.62308	0	942498.56
3.495000000000154e-10	0.2505664	0.00059589755	-0.9680947	341.53818	0	942621.2
3.5000000000001554e-10	0.2505559	0.00042369275	-0.96809745	341.45343	0	942743.5
3.505000000000157e-10	0.25053498	0.00024797875	-0.96810275	341.36884	0	942865.56
3.5100000000001585e-10	0.25050375	6.935222e-05	-0.96811086	341.28445	0	942987.3
3.51500000000016e-10	0.25046206	-0.000111590976	-0.9681216	341.20023	0	943108.9
3.5200000000001616e-10	0.25040993	-0.00029426403	-0.96813494	341.11618	0	943230.1
3.525000000000163e-10	0.2503474	-0.0004780866	-0.9681509	341.0323	0	943351.06
3.5300000000001646e-10	0.2502746	-0.00066248886	-0.9681697	340.94858	0	943471.75
3.535000000000166e-10	0.25019163	-0.0008469089	-0.9681909	340.86502	0	943592.25
3.5400000000001677e-10	0.25009856	-0.0010308033	-0.9682149	340.78168	0	943712.4
3.545000000000169e-10	0.24999553	-0.0012136352	-0.96824116	340.69846	0	943832.3
3.550000000000171e-10	0.24988279	-0.0013948865	-0.96826994	340.61542	0	943951.94
3.5550000000001723e-10	0.24976051	-0.0015740527	-0.96830124	340.53256	0	944071.3
3.560000000000174e-10	0.24962883	-0.0017506445	-0.96833485	340.4499	0	944190.44
3.5650000000001754e-10	0.24948816	-0.0019241951	-0.9683708	340.36734	0	944309.3
3.570000000000177e-10	0.24933866	-0.0020942518	-0.9684089	340.285	0	944427.9
3.5750000000001784e-10	0.24918064	-0.0022603858	-0.9684491	340.20282	0	944546.25
3.58000000000018e-10	0.2490145	-0.0024221851	-0.96849155	340.1208	0	944664.3
3.5850000000001815e-10	0.24884044	-0.0025792609	-0.96853596	340.03894	0	944782.1
3.590000000000183e-10	0.24865887	-0.00273125	-0.9685821	339.95724	0	944899.6
3.5950000000001846e-10	0.24847014	-0.0028778033	-0.9686301	339.87573	0	945016.94
3.600000000000186e-10	0.24827461	-0.0030185976	-0.96867985	339.79437	0	945133.94
3.6050000000001876e-10	0.24807271	-0.0031533395	-0.9687311	339.7132	0	945250.75
3.610000000000189e-10	0.24786483	-0.0032817547	-0.9687839	339.63217	0	945367.25
3.6150000000001907e-10	0.24765131	-0.0034035917	-0.9688381	339.55133	0	945483.5
3.620000000000192e-10	0.24743268	-0.003518628	-0.9688935	339.47064	0	945599.5
3.625000000000194e-10	0.2472092	-0.0036266595	-0.96895015	339.3901	0	945715.25
3.6300000000001953e-10	0.24698149	-0.0037275099	-0.96900797	339.30975	0	945830.75
3.635000000000197e-10	0.24674988	-0.0038210328	-0.9690666	339.22955	0	945945.94
3.6400000000001984e-10	0.24651475	-0.003907097	-0.96912616	339.1495	0	946060.94
3.6450000000002e-10	0.24627656	-0.003985598	-0.9691864	339.06964	0	946175.7
3.6500000000002014e-10	0.24603592	-0.0040564616	-0.96924734	338.98993	0	946290.1
3.655000000000203e-10	0.24579315	-0.0041196365	-0.9693086	338.9104	0	946404.4
3.6600000000002045e-10	0.24554864	-0.0041750893	-0.96937037	338.831	0	946518.3
3.665000000000206e-10	0.24530281	-0.0042228163	-0.9694325	338.7518	0	946632.06
3.6700000000002076e-10	0.2450561	-0.004262823	-0.96949476	338.67273	0	946745.5
3.675000000000209e-10	0.24480894	-0.004295152	-0.9695571	338.59384	0	946858.75
3.6800000000002106e-10	0.24456179	-0.004319864	-0.9696194	338.5151	0	946971.7
3.685000000000212e-10	0.24431506	-0.004337043	-0.96968156	338.43652	0	947084.4
3.6900000000002137e-10	0.24406907	-0.004346781	-0.96974343	338.3581	0	947196.9
3.695000000000215e-10	0.24382421	-0.0043492005	-0.96980506	338.27985	0	947309.1
3.700000000000217e-10	0.24358106	-0.0043444494	-0.96986616	338.20175	0	947421.06
3.7050000000002183e-10	0.24333973	-0.0043326835	-0.96992695	338.1238	0	947532.8
3.71000000000022e-10	0.24310072	-0.0043140813	-0.9699871	338.04602	0	947644.3
3.7150000000002214e-10	0.24286428	-0.004288829	-0.9700464	337.9684	0	947755.5
3.720000000000223e-10	0.24263065	-0.004257132	-0.970105	337.89096	0	947866.5
3.7250000000002244e-10	0.24240032	-0.0042192126	-0.9701628	337.81366	0	947977.25
3.730000000000226e-10	0.24217352	-0.0041753086	-0.9702198	337.7365	0	948087.75
3.7350000000002275e-10	0.24195059	-0.0041256733	-0.9702755	337.65952	0	948198
3.740000000000229e-10	0.2417316	-0.0040705604	-0.9703305	337.58267	0	948308.06
3.7450000000002306e-10	0.241517	-0.0040102387	-0.97038424	337.506	0	948417.8
3.750000000000232e-10	0.24130698	-0.0039449935	-0.9704367	337.4295	0	948527.4
3.7550000000002336e-10	0.24110161	-0.0038751068	-0.97048813	337.35312	0	948636.7
3.760000000000235e-10	0.24090122	-0.0038008813	-0.97053826	337.27692	0	948745.7
3.7650000000002367e-10	0.240706	-0.003722618	-0.97058696	337.20087	0	948854.5
3.770000000000238e-10	0.24051592	-0.0036406224	-0.97063446	337.12497	0	948963.1
3.77500000000024e-10	0.24033135	-0.0035552105	-0.97068053	337.04926	0	949071.44
3.7800000000002413e-10	0.24015224	-0.0034666995	-0.9707253	336.97366	0	949179.56
3.785000000000243e-10	0.23997875	-0.0033754052	-0.9707685	336.89822	0	949287.4
3.7900000000002444e-10	0.23981103	-0.0032816504	-0.9708103	336.82294	0	949395
3.795000000000246e-10	0.23964898	-0.0031857514	-0.9708507	336.74783	0	949502.44
3.8000000000002474e-10	0.23949288	-0.0030880296	-0.9708896	336.67285	0	949609.56
3.805000000000249e-10	0.23934253	-0.0029888009	-0.97092706	336.59802	0	949716.5
3.8100000000002505e-10	0.23919804	-0.0028883836	-0.9709629	336.52338	0	949823.2
3.815000000000252e-10	0.23905943	-0.0027870922	-0.97099733	336.44885	0	949929.6
3.8200000000002536e-10	0.2389266	-0.0026852286	-0.9710304	336.37448	0	950035.8
3.825000000000255e-10	0.23879966	-0.002583098	-0.97106194	336.3003	0	950141.8
3.8300000000002566e-10	0.23867837	-0.0024810003	-0.9710921	336.22623	0	950247.56
3.835000000000258e-10	0.23856278	-0.0023792223	-0.9711208	336.1523	0	950353.06
3.8400000000002597e-10	0.23845275	-0.002278051	-0.97114795	336.07855	0	950458.4
3.845000000000261e-10	0.2383482	-0.0021777565	-0.971174	336.00497	0	950563.44
3.850000000000263e-10	0.23824911	-0.0020786095	-0.97119844	335.93152	0	950668.25
3.8550000000002643e-10	0.23815514	-0.0019808668	-0.9712218	335.85822	0	950772.9
3.860000000000266e-10	0.23806635	-0.0018847705	-0.97124374	335.78503	0	950877.2
3.8650000000002674e-10	0.23798254	-0.0017905607	-0.97126454	335.71204	0	950981.4
3.870000000000269e-10	0.23790343	-0.0016984597	-0.97128415	335.6392	0	951085.25
3.8750000000002704e-10	0.237829	-0.0016086835	-0.9713025	335.56647	0	951188.94
3.880000000000272e-10	0.23775914	-0.0015214352	-0.9713197	335.4939	0	951292.4
3.8850000000002735e-10	0.23769335	-0.0014369009	-0.97133595	335.4215	0	951395.6
3.890000000000275e-10	0.23763174	-0.00135526	-0.9713511	335.34924	0	951498.6
3.8950000000002766e-10	0.23757403	-0.0012766762	-0.9713654	335.27713	0	951601.4
3.900000000000278e-10	0.2375199	-0.001201305	-0.97137856	335.20514	0	951703.94
3.9050000000002796e-10	0.23746918	-0.0011292801	-0.97139126	335.13333	0	951806.25
3.910000000000281e-10	0.23742174	-0.0010607268	-0.9714028	335.06165	0	951908.4
3.9150000000002827e-10	0.23737736	-0.000995759	-0.97141373	334.9901	0	952010.25
3.920000000000284e-10	0.23733567	-0.00093447557	-0.97142404	334.91873	0	952111.94
3.925000000000286e-10	0.23729645	-0.0008769553	-0.97143376	334.8475	0	952213.4
3.9300000000002873e-10	0.23725961	-0.0008232734	-0.97144264	334.7764	0	952314.56
3.935000000000289e-10	0.23722488	-0.00077348924	-0.9714512	334.70544	0	952415.56
3.9400000000002904e-10	0.23719199	-0.00072764803	-0.9714592	334.63464	0	952516.3
3.945000000000292e-10	0.23716082	-0.00068577955	-0.9714669	334.564	0	952616.9
3.9500000000002935e-10	0.23713095	-0.0006479092	-0.9714741	334.49347	0	952717.2
3.955000000000295e-10	0.23710217	-0.00061403756	-0.97148114	334.4231	0	952817.3
3.9600000000002965e-10	0.23707426	-0.00058415235	-0.9714881	334.35287	0	952917.2
3.965000000000298e-10	0.23704699	-0.00055823335	-0.9714947	334.28278	0	953016.9
3.9700000000002996e-10	0.23702024	-0.00053625146	-0.97150135	334.21283	0	953116.3
3.975000000000301e-10	0.23699391	-0.0005181655	-0.97150767	334.14304	0	953215.56
3.9800000000003027e-10	0.23696758	-0.0005039315	-0.97151417	334.0734	0	953314.56
3.985000000000304e-10	0.23694113	-0.0004934808	-0.97152054	334.00388	0	953413.4
3.9900000000003057e-10	0.23691434	-0.00048674218	-0.97152704	333.9345	0	953511.94
3.995000000000307e-10	0.23688692	-0.00048363156	-0.97153366	333.86526	0	953610.3
4.000000000000309e-10	0.23685873	-0.0004840511	-0.9715406	333.79617	0	953708.5
4.0050000000003103e-10	0.23682961	-0.00048789807	-0.97154766	333.72723	0	953806.44
4.010000000000312e-10	0.23679948	-0.0004950631	-0.971555	333.65842	0	953904.1
4.0150000000003134e-10	0.23676813	-0.0005054309	-0.9715627	333.58975	0	954001.7
4.020000000000315e-10	0.2367355	-0.0005188813	-0.9715705	333.52124	0	954098.94
4.0250000000003165e-10	0.23670135	-0.0005352873	-0.9715789	333.45285	0	954196.06
4.030000000000318e-10	0.23666547	-0.0005545116	-0.9715876	333.38458	0	954292.94
4.0350000000003195e-10	0.23662777	-0.0005764042	-0.9715967	333.31647	0	954389.6
4.040000000000321e-10	0.23658817	-0.00060082006	-0.97160643	333.2485	0	954486.06
4.0450000000003226e-10	0.23654649	-0.0006276044	-0.9716164	333.18066	0	954582.3
4.050000000000324e-10	0.23650262	-0.00065660104	-0.9716271	333.11298	0	954678.3
4.0550000000003257e-10	0.23645659	-0.00068765105	-0.97163826	333.04544	0	954774.1
4.060000000000327e-10	0.23640832	-0.0007205896	-0.97165	332.978	0	954869.75
4.0650000000003287e-10	0.23635772	-0.00075526047	-0.9716623	332.91074	0	954965.2
4.0700000000003303e-10	0.23630469	-0.0007914955	-0.9716751	332.8436	0	955060.4
4.075000000000332e-10	0.23624912	-0.00082912535	-0.97168857	332.77658	0	955155.4
4.0800000000003333e-10	0.23619097	-0.00086798513	-0.97170264	332.70972	0	955250.1
4.085000000000335e-10	0.2361303	-0.0009079021	-0.97171736	332.64297	0	955344.75
4.0900000000003364e-10	0.23606716	-0.00094871246	-0.9717327	332.5764	0	955439.06
4.095000000000338e-10	0.23600146	-0.0009902581	-0.9717486	332.50992	0	955533.25
4.1000000000003395e-10	0.23593313	-0.0010323705	-0.97176516	332.4436	0	955627.2
4.105000000000341e-10	0.23586221	-0.0010748856	-0.9717823	332.3774	0	955721
4.1100000000003425e-10	0.23578863	-0.0011176433	-0.9718	332.31137	0	955814.5
4.115000000000344e-10	0.23571262	-0.0011604849	-0.97181845	332.24542	0	955907.9
4.1200000000003456e-10	0.2356342	-0.001203268	-0.97183734	332.17966	0	956001
4.125000000000347e-10	0.2355532	-0.0012458396	-0.971857	332.114	0	956093.94
4.1300000000003487e-10	0.2354698	-0.001288052	-0.97187704	332.0485	0	956186.7
4.13500000000035e-10	0.235384	-0.0013297643	-0.97189784	331.9831	0	956279.25
4.1400000000003517e-10	0.23529582	-0.0013708404	-0.97191906	331.91785	0	956371.56
4.1450000000003533e-10	0.23520553	-0.0014111511	-0.97194093	331.85272	0	956463.7
4.150000000000355e-10	0.23511313	-0.0014505783	-0.9719633	331.78775	0	956555.6
4.1550000000003563e-10	0.23501863	-0.0014890039	-0.971986	331.7229	0	956647.4
4.160000000000358e-10	0.23492211	-0.0015263092	-0.9720093	331.65817	0	956738.9
4.1650000000003594e-10	0.23482366	-0.0015623898	-0.972033	331.5936	0	956830.25
4.170000000000361e-10	0.2347234	-0.0015971451	-0.97205716	331.52914	0	956921.4
4.1750000000003625e-10	0.23462135	-0.0016304788	-0.9720818	331.4648	0	957012.3
4.180000000000364e-10	0.23451774	-0.0016623047	-0.9721067	331.4006	0	957103.06
4.1850000000003655e-10	0.2344127	-0.0016925475	-0.972132	331.33655	0	957193.56
4.190000000000367e-10	0.2343063	-0.001721133	-0.97215766	331.2726	0	957283.94
4.1950000000003686e-10	0.23419867	-0.001748001	-0.9721836	331.20883	0	957374.06
4.20000000000037e-10	0.23408979	-0.0017730887	-0.97220963	331.14514	0	957464.06
4.2050000000003717e-10	0.23397987	-0.0017963407	-0.97223616	331.0816	0	957553.8
4.210000000000373e-10	0.23386906	-0.0018177188	-0.9722628	331.0182	0	957643.4
4.2150000000003747e-10	0.23375735	-0.001837183	-0.9722897	330.95493	0	957732.75
4.218500000000376e-10	0.23367873	-0.0018495142	-0.97230846	330.92334	0	957777.3
